0.00000000 34.00000000 -63.52962479 -59.71134600 0.00328731 -60.69145838 3.63217792 -1436.60699412
1.00000000 14.00000000 -37.48537106 -35.60098137 0.00313945 -36.53700729 1.70809774 -1607.02644649
2.00000000 18.00000000 -71.44889721 -67.61357431 0.00439966 -68.92533239 3.52314476 -2275.82359278
3.00000000 0.00000000 0.00000000 0.00000000 0.00000000 0.00000000 0.00000000 0.00000000
4.00000000 12.00000000 -62.49807776 -59.35864594 0.00356849 -60.42259048 2.89693253 -1738.26168626
5.00000000 14.00000000 -59.54439899 -56.19341227 0.00351586 -57.24166642 3.13429723 -548.31393208
6.00000000 14.00000000 -65.54122535 -62.23841992 0.00348590 -63.27774196 3.07815176 -1322.77664063
7.00000000 22.00000000 -93.16040416 -87.49348960 0.00439257 -88.80313303 5.34719978 -1552.69340959
8.00000000 14.00000000 -69.26508947 -65.16585567 0.00403004 -66.36741302 3.82267785 -348.99553610
9.00000000 10.00000000 -64.92247366 -61.44699619 0.00362068 -62.52650236 3.24155719 -1305.10616845
10.00000000 14.00000000 -40.06870522 -37.89316654 0.00294471 -38.77113163 2.01811395 -2036.09663298
11.00000000 17.00000000 -57.24664521 -54.46947523 0.00343644 -55.49404891 2.56496238 -1258.56823852
12.00000000 11.00000000 -45.51105442 -43.28141534 0.00328980 -44.26226835 2.03570245 -858.72426916
13.00000000 23.00000000 -50.38995392 -47.59539065 0.00321126 -48.55282891 2.60711039 -653.02023354
14.00000000 16.00000000 -55.05574298 -51.67068495 0.00341999 -52.69035369 3.17533913 -1209.20682923
15.00000000 10.00000000 -52.02973505 -49.23574748 0.00325451 -50.20608022 2.60254598 -1405.20965580
16.00000000 15.00000000 -69.04232892 -65.28983491 0.00414499 -66.52566236 3.46000698 -431.84173618
17.00000000 8.00000000 -64.28801535 -60.79725558 0.00378378 -61.92538819 3.24312786 -2041.71007549
18.00000000 14.00000000 -82.18151372 -77.69482154 0.00430669 -78.97886258 4.18200944 -2046.20489025
19.00000000 0.00000000 0.00000000 0.00000000 0.00000000 0.00000000 0.00000000 0.00000000
20.00000000 11.00000000 -80.35760742 -75.60246110 0.00412870 -76.83343389 4.44988777 -1507.61257420
21.00000000 20.00000000 -93.61478563 -88.21426356 0.00457802 -89.57919912 5.05163169 -1405.12658235
22.00000000 14.00000000 -57.89525480 -54.85249042 0.00349084 -55.89328307 2.80930546 -1167.03786119
23.00000000 50.00000000 -62.09355896 -59.02966982 0.00383948 -60.17441121 2.80516290 -1493.27049974
24.00000000 16.00000000 -63.12041268 -59.88088701 0.00361528 -60.95878372 2.99780173 -300.17733826
25.00000000 10.00000000 -89.47245471 -84.67858391 0.00433289 -85.97043377 4.47627516 -982.31790529
26.00000000 17.00000000 -80.74898571 -75.83186860 0.00403112 -77.03374781 4.63688437 -1168.74999569
27.00000000 15.00000000 -93.24821550 -87.82041577 0.00458715 -89.18807466 5.07667479 -1735.92633460
28.00000000 10.00000000 -84.12633620 -79.60144545 0.00398685 -80.79012427 4.23407790 -2029.97578345
29.00000000 19.00000000 -68.98207531 -65.43309429 0.00395242 -66.61150914 3.27631934 -723.34882406
30.00000000 115.00000000 -94.99473330 -89.49618778 0.00495131 -90.97242228 5.10788079 -86.63343535
31.00000000 10.00000000 -82.78901884 -78.42586322 0.00428263 -79.70273033 4.05581122 -2151.89068177
32.00000000 15.00000000 -58.68651071 -55.67246359 0.00378167 -56.79996732 2.75983478 -792.46078454
33.00000000 24.00000000 -76.42592397 -72.23221325 0.00401229 -73.42847659 3.91575194 -489.37374973
34.00000000 17.00000000 -32.13983716 -30.58630845 0.00292604 -31.45870798 1.40155370 -559.91123150
35.00000000 12.00000000 -44.95987697 -42.72909784 0.00323303 -43.69302520 2.04777460 -1763.21178335
36.00000000 0.00000000 0.00000000 0.00000000 0.00000000 0.00000000 0.00000000 0.00000000
37.00000000 16.00000000 -45.59680637 -42.95081946 0.00312141 -43.88146726 2.46398007 -957.89321149
38.00000000 22.00000000 -68.60660063 -64.91886555 0.00395322 -66.09751854 3.41911142 -840.88153615
39.00000000 0.00000000 0.00000000 0.00000000 0.00000000 0.00000000 0.00000000 0.00000000
40.00000000 14.00000000 -83.69485059 -79.08620619 0.00450893 -80.43054309 4.30171088 -724.95868222
41.00000000 7.00000000 -95.86421815 -90.32792725 0.00454573 -91.68323799 5.19663276 -2064.11912804
42.00000000 29.00000000 -56.68046921 -53.77269581 0.00347589 -54.80903332 2.69532994 -276.83569003
43.00000000 6.00000000 -70.21009223 -66.13221659 0.00383458 -67.27549570 3.82033404 -2014.13004803
44.00000000 14.00000000 -83.57504087 -79.16674150 0.00423100 -80.42821544 4.11030940 -1639.17690107
45.00000000 20.00000000 -38.21753397 -36.10202557 0.00302662 -37.00441365 1.95200606 -1071.50532681
46.00000000 5.00000000 -71.71715989 -67.78894666 0.00348599 -68.82829347 3.70192663 -2220.86041521
47.00000000 7.00000000 -68.68840427 -65.12398970 0.00364375 -66.21037389 3.32356028 -1490.43903764
48.00000000 34.00000000 -73.13847766 -69.29719500 0.00389318 -70.45794762 3.58201676 -1313.80624760
49.00000000 13.00000000 -98.03780870 -92.48633514 0.00437295 -93.79012934 5.23047208 -572.38509894
50.00000000 12.00000000 -57.89523590 -54.85174852 0.00349006 -55.89230850 2.81010786 -1166.38008721
51.00000000 20.00000000 -93.51264481 -87.92191762 0.00444050 -89.24585166 5.26683920 -1192.14770187
52.00000000 13.00000000 -69.35133628 -65.58652662 0.00402679 -66.78711484 3.49654980 -2055.68656624
53.00000000 12.00000000 -53.46908117 -50.65636833 0.00314662 -51.59453374 2.63330444 -1055.40591457
54.00000000 13.00000000 -93.82741998 -88.44724153 0.00459588 -89.81750227 5.02892003 -848.88429257
55.00000000 10.00000000 -93.58720378 -88.16343898 0.00453986 -89.51699681 5.07553851 -1717.38145022
56.00000000 14.00000000 -57.84387771 -54.90529052 0.00359434 -55.97694211 2.71353850 -1673.23537012
57.00000000 24.00000000 -82.00660010 -77.13452290 0.00455447 -78.49243751 4.53258078 -323.43085807
58.00000000 15.00000000 -57.65325555 -54.63978386 0.00392364 -55.80961823 2.74155884 -744.34170149
59.00000000 20.00000000 -38.21753398 -36.10202569 0.00302663 -37.00441416 1.95200585 -1071.50652543
60.00000000 24.00000000 -44.53897631 -42.30472472 0.00325507 -43.27522402 2.05121419 -885.88477221
61.00000000 12.00000000 -62.17595144 -58.74580822 0.00342339 -59.76649245 3.21416933 -1752.42121555
62.00000000 11.00000000 -39.05933471 -37.00250859 0.00297577 -37.88973396 1.89338591 -422.83593046
63.00000000 7.00000000 -57.67852328 -54.70403206 0.00320647 -55.66004011 2.79279722 -2372.93591649
64.00000000 9.00000000 -50.88523641 -48.12021378 0.00340614 -49.13575493 2.55348907 -806.05150736
65.00000000 14.00000000 -45.59680089 -42.95222138 0.00312207 -43.88306781 2.46246294 -955.26936897
66.00000000 21.00000000 -45.62374204 -43.02384371 0.00311268 -43.95188830 2.41742554 -928.59839556
67.00000000 13.00000000 -93.62636144 -88.21781289 0.00451037 -89.56257825 5.06227106 -891.18607051
68.00000000 9.00000000 -97.14441511 -91.90035159 0.00417221 -93.14429522 4.92894059 -2052.88241072
69.00000000 16.00000000 -68.73020489 -65.19322165 0.00424751 -66.45961641 3.23937721 -397.01315318
70.00000000 10.00000000 -94.19022314 -88.66248085 0.00431253 -89.94826282 5.20750746 -1127.72422431
71.00000000 18.00000000 -41.13830498 -38.89273506 0.00282111 -39.73384830 2.10829773 -1046.71033872
72.00000000 9.00000000 -70.21193213 -66.17644900 0.00381152 -67.31285511 3.77749280 -2048.55149116
73.00000000 57.00000000 -93.78203857 -87.84132575 0.00439433 -89.15149635 5.62620618 -118.35327198
74.00000000 11.00000000 -59.04050414 -55.57102250 0.00345925 -56.60239856 3.25723012 -2195.64418661
75.00000000 10.00000000 -57.20718942 -54.20980398 0.00355529 -55.26981361 2.77631922 -2093.28118890
76.00000000 17.00000000 -83.88352135 -78.85964366 0.00383985 -80.00449520 4.75907474 -1026.63212362
77.00000000 22.00000000 -56.02888047 -53.05772468 0.00345337 -54.08734742 2.75941465 -718.68619172
78.00000000 16.00000000 -68.60389789 -64.87958071 0.00399235 -66.06989881 3.45403564 -888.24216747
79.00000000 11.00000000 -44.51938402 -42.23296310 0.00297623 -43.12032461 2.13423123 -651.10086630
80.00000000 11.00000000 -56.94607399 -54.07341549 0.00363525 -55.15726547 2.63711337 -1233.76211321
81.00000000 16.00000000 -82.58943560 -77.56961644 0.00450366 -78.91238142 4.69472596 -350.68083256
82.00000000 23.00000000 -81.57941594 -76.88168342 0.00459099 -78.25048777 4.36024349 -219.11763333
83.00000000 13.00000000 -71.01000367 -67.06273816 0.00347844 -68.09983634 3.72118654 -1752.36465804
84.00000000 24.00000000 -67.14894412 -63.42801588 0.00342383 -64.44883206 3.50809692 -644.29747880
85.00000000 18.00000000 -44.28496079 -42.09558919 0.00314944 -43.03459425 2.01387775 -1272.21030367
86.00000000 16.00000000 -93.92214393 -88.51493810 0.00472738 -89.92440652 5.04354755 -509.02040423
87.00000000 34.00000000 -39.07741693 -36.95525219 0.00305721 -37.86676077 1.94777481 -1108.40541162
88.00000000 20.00000000 -72.91126645 -68.56714345 0.00331839 -69.55652028 4.14819582 -2299.79347241
89.00000000 31.00000000 -28.14822507 -26.56721817 0.00279588 -27.40081090 1.44127539 -598.35362368
90.00000000 16.00000000 -45.59680776 -42.95043268 0.00312138 -43.88107142 2.46439006 -958.53416376
91.00000000 11.00000000 -67.89475009 -63.67195377 0.00364589 -64.75897669 3.98476251 -1155.32440749
92.00000000 11.00000000 -45.62624452 -43.40498746 0.00319869 -44.35867546 2.03578846 -902.78428765
93.00000000 9.00000000 -81.83327419 -77.73053685 0.00417352 -78.97487142 3.80406932 -2190.98520123
94.00000000 9.00000000 -68.31854690 -64.64438225 0.00408666 -65.86282078 3.38662779 -957.39975797
95.00000000 12.00000000 -82.43074157 -78.06086445 0.00428448 -79.33828103 4.06293197 -969.03906970
96.00000000 9.00000000 -42.72430981 -40.60807772 0.00322268 -41.56891935 1.93465114 -2290.49787889
97.00000000 17.00000000 -96.53199297 -91.08039333 0.00428432 -92.35776378 5.13727001 -4541.89069281
98.00000000 10.00000000 -93.35046472 -87.93080459 0.00460347 -89.30332785 5.06999273 -1582.27437386
99.00000000 17.00000000 -82.90306006 -78.14309219 0.00417910 -79.38909129 4.45805019 -1734.66887345
100.00000000 18.00000000 -43.94645768 -41.70072122 0.00353050 -42.75333907 2.03911070 -1744.59816269
101.00000000 25.00000000 -32.20786004 -30.60564197 0.00369830 -31.70829040 1.36818198 -468.53734025
102.00000000 14.00000000 -57.89522754 -54.85231519 0.00349003 -55.89286727 2.80947921 -1166.24902390
103.00000000 12.00000000 -58.52191026 -55.41002910 0.00392406 -56.57998720 2.85170284 -681.00673832
104.00000000 11.00000000 -80.59625630 -75.86513352 0.00418657 -77.11336037 4.42252374 -1485.07655528
105.00000000 18.00000000 -95.13386044 -89.83499551 0.00444077 -91.15901208 4.96931699 -2292.27354688
106.00000000 13.00000000 -54.26685258 -51.30698082 0.00376153 -52.42848064 2.71243588 -1663.33216624
107.00000000 35.00000000 -69.80356220 -65.77542770 0.00386975 -66.92919494 3.77374454 -1378.20472214
108.00000000 18.00000000 -55.09839597 -51.85564528 0.00337009 -52.86043792 3.04622388 -245.11879082
109.00000000 17.00000000 -62.51651963 -58.52603885 0.00318260 -59.47493222 3.81643995 -2072.45919109
110.00000000 13.00000000 -80.34643475 -75.95423950 0.00415506 -77.19306945 4.09748978 -1624.27618098
111.00000000 5.00000000 -71.71715989 -67.78893825 0.00348599 -68.82828550 3.70193526 -2220.85129284
112.00000000 19.00000000 -70.47531937 -66.68743485 0.00367134 -67.78204527 3.53681424 -252.36095064
113.00000000 12.00000000 -90.56890163 -85.67235061 0.00414739 -86.90889595 4.59559437 -1301.52392708
114.00000000 12.00000000 -93.40397559 -87.92870587 0.00462454 -89.30751178 5.12074608 -1639.25579085
115.00000000 7.00000000 -63.03509754 -59.62248774 0.00342373 -60.64327278 3.19782512 -1954.33565256
116.00000000 43.00000000 -82.95245275 -78.58131919 0.00438595 -79.88899069 4.05723507 -2106.45203583
117.00000000 15.00000000 -33.86238758 -31.91871132 0.00279000 -32.75055101 1.79993302 -1333.71122285
118.00000000 11.00000000 -68.36195737 -64.62341870 0.00382229 -65.76303537 3.48425571 -923.52723587
119.00000000 13.00000000 -37.48535746 -35.60069880 0.00313932 -36.53668652 1.70841254 -1607.60706937
120.00000000 10.00000000 -46.04959121 -42.96607397 0.00300603 -43.86232047 2.92383051 -2077.14879632
121.00000000 16.00000000 -45.59679578 -42.95261715 0.00312164 -43.88333511 2.46206497 -954.87201491
122.00000000 15.00000000 -95.66637250 -90.18236920 0.00435762 -91.48159224 5.15822731 -1752.05179531
123.00000000 27.00000000 -81.39704550 -76.53596386 0.00428486 -77.81349379 4.54572686 -255.62565895
124.00000000 9.00000000 -77.13390118 -72.92383641 0.00405111 -74.13167382 3.92728887 -2030.05181187
125.00000000 27.00000000 -58.07625876 -55.27565995 0.00408756 -56.49436504 2.50648970 -123.21140354
126.00000000 11.00000000 -81.57757506 -77.31324387 0.00397540 -78.49850903 3.98408984 -1425.11803007
127.00000000 12.00000000 -31.21702479 -29.17555679 0.00295430 -30.05638101 1.88012894 -418.18017199
128.00000000 22.00000000 -46.13038968 -43.80859375 0.00307857 -44.72647039 2.15537278 -681.42454947
129.00000000 0.00000000 0.00000000 0.00000000 0.00000000 0.00000000 0.00000000 0.00000000
130.00000000 14.00000000 -57.89525482 -54.85248763 0.00349084 -55.89328213 2.80930814 -1167.03876404
131.00000000 14.00000000 -51.20481997 -48.53758672 0.00330150 -49.52193011 2.46327476 -1145.18454959
132.00000000 18.00000000 -81.50455132 -77.10744034 0.00422914 -78.36835873 4.09083883 -845.85574656
133.00000000 26.00000000 -82.26110124 -77.22359641 0.00396305 -78.40518086 4.76506180 -629.00940322
134.00000000 13.00000000 -53.31932829 -50.80649277 0.00333111 -51.79966206 2.30120934 -691.26290245
135.00000000 13.00000000 -70.71765600 -67.05271241 0.00392492 -68.22292730 3.40293683 -1688.31766797
136.00000000 14.00000000 -51.13382884 -48.47854134 0.00318122 -49.42702226 2.47313706 -1127.22288786
137.00000000 33.00000000 -44.95890100 -41.86861690 0.00289135 -42.73067162 2.94321586 -2441.03602392
138.00000000 16.00000000 -89.58225962 -84.46622064 0.00457122 -85.82912952 4.78513652 -423.89263595
139.00000000 20.00000000 -63.81487160 -60.49007249 0.00345838 -61.52118878 3.10829189 -2054.09255442
140.00000000 18.00000000 -56.34446349 -53.15735101 0.00321737 -54.11661039 3.00759616 -2227.35660668
141.00000000 12.00000000 -58.79677421 -55.83466811 0.00389116 -56.99481829 2.69399592 -1622.22132448
142.00000000 19.00000000 -66.22472750 -63.02076391 0.00338394 -64.02968583 2.98723452 -930.86750920
143.00000000 13.00000000 -70.70420665 -66.82549545 0.00383480 -67.96884033 3.62874182 -600.98803099
144.00000000 10.00000000 -52.05019638 -49.18876055 0.00337979 -50.19644451 2.66318287 -2164.72602237
145.00000000 13.00000000 -70.46488955 -66.86093429 0.00421345 -68.11717489 3.29697804 -2465.59001106
146.00000000 38.00000000 -69.50602719 -65.43767777 0.00418120 -66.68430266 3.77568300 -467.14013000
147.00000000 8.00000000 -64.09811406 -60.70011385 0.00339535 -61.71243655 3.18991040 -1151.54782278
148.00000000 17.00000000 -82.38566775 -77.64559098 0.00430469 -78.92903538 4.42974472 -1040.65758632
149.00000000 21.00000000 -45.62374193 -43.02383660 0.00311267 -43.95187913 2.41743352 -928.59123331
150.00000000 15.00000000 -80.44822608 -75.98145115 0.00411653 -77.20879442 4.17653157 -1561.53690827
151.00000000 24.00000000 -56.60153926 -53.37446659 0.00378695 -54.50354640 2.97524950 -654.53708491
152.00000000 13.00000000 -32.70795891 -31.01005384 0.00331562 -31.99860587 1.50381831 -687.19546909
153.00000000 0.00000000 0.00000000 0.00000000 0.00000000 0.00000000 0.00000000 0.00000000
154.00000000 18.00000000 -97.38604952 -92.05646208 0.00409721 -93.27804557 5.02421927 -1762.15876398
155.00000000 13.00000000 -71.01000287 -67.06269659 0.00347832 -68.09975735 3.72124462 -1752.13679054
156.00000000 21.00000000 -70.43783536 -66.45987971 0.00380187 -67.59340846 3.71330629 -1206.49090729
157.00000000 23.00000000 -87.82743639 -82.87725983 0.00429171 -84.15683200 4.63624425 -1838.32032126
158.00000000 35.00000000 -59.52805856 -56.52470747 0.00360693 -57.60011217 2.76810342 -831.88261740
159.00000000 87.00000000 -57.51548575 -54.14276036 0.00324876 -55.11137915 3.19494335 -1113.93652752
160.00000000 0.00000000 0.00000000 0.00000000 0.00000000 0.00000000 0.00000000 0.00000000
161.00000000 11.00000000 -69.79272652 -66.21362697 0.00400065 -67.40642063 3.30358660 -1271.58333327
162.00000000 9.00000000 -39.91538913 -37.83630997 0.00298509 -38.72631331 1.91662765 -1134.69171498
163.00000000 14.00000000 -66.55917157 -63.22535081 0.00342142 -64.24544747 3.11658122 -1772.85573807
164.00000000 22.00000000 -68.49354026 -64.35931641 0.00385783 -65.50952822 3.87049108 -778.30958672
165.00000000 12.00000000 -70.53860093 -66.81185996 0.00423512 -68.07455964 3.41702671 -709.77098610
166.00000000 18.00000000 -69.16064063 -64.76681630 0.00396234 -65.94818747 4.12628991 -863.30168257
167.00000000 0.00000000 0.00000000 0.00000000 0.00000000 0.00000000 0.00000000 0.00000000
168.00000000 7.00000000 -51.15082717 -48.34635899 0.00310318 -49.27157303 2.63362601 -2000.95686163
169.00000000 19.00000000 -59.08365868 -55.43064403 0.00363652 -56.51487330 3.42322389 -324.16844352
170.00000000 19.00000000 -82.32040916 -77.76576537 0.00414631 -79.00198687 4.26025919 -2301.63663533
171.00000000 16.00000000 -69.11786711 -65.16291940 0.00398983 -66.35248648 3.67914840 -1450.53051078
172.00000000 16.00000000 -50.79597274 -47.60658911 0.00304822 -48.51541554 3.03142265 -1284.31065083
173.00000000 25.00000000 -95.23519756 -89.90207164 0.00464487 -91.28693831 4.98001409 -1267.66918580
174.00000000 49.00000000 -32.60530191 -30.94945062 0.00327986 -31.92734195 1.47133761 -261.67687444
175.00000000 5.00000000 -65.54153987 -62.07060316 0.00338005 -63.07836365 3.26099628 -2039.10399027
176.00000000 23.00000000 -53.32037484 -50.46399124 0.00311561 -51.39291098 2.68448769 -211.42928073
177.00000000 16.00000000 -70.70764497 -66.89992529 0.00378747 -68.02915812 3.53978224 -896.29952344
178.00000000 5.00000000 -71.71715974 -67.78890034 0.00348599 -68.82824895 3.70197389 -2220.89166778
179.00000000 15.00000000 -37.25312879 -34.93261792 0.00284905 -35.78206171 2.18279332 -1310.82124338
180.00000000 16.00000000 -50.79597268 -47.60663872 0.00304819 -48.51545611 3.03137426 -1284.36875905
181.00000000 22.00000000 -69.70149489 -65.96959469 0.00408941 -67.18885353 3.45467080 -1719.73708888
182.00000000 12.00000000 -95.28385696 -89.83298690 0.00465271 -91.22019299 5.10189609 -1150.48313833
183.00000000 16.00000000 -81.91475206 -77.59386864 0.00426851 -78.86652374 4.01263802 -1244.51834087
184.00000000 16.00000000 -62.88669875 -59.43706415 0.00376409 -60.55932685 3.19751210 -1194.43105338
185.00000000 36.00000000 -59.44555254 -55.65078962 0.00305906 -56.56284811 3.62632780 -1316.96662701
186.00000000 18.00000000 -69.07106762 -65.13189883 0.00402408 -66.33167920 3.65646043 -387.44083272
187.00000000 11.00000000 -71.98981858 -68.06748724 0.00414177 -69.30235499 3.63261591 -733.53759329
188.00000000 37.00000000 -58.86978163 -55.73858887 0.00389501 -56.89988651 2.86978785 -513.22791367
189.00000000 15.00000000 -37.96069274 -35.87529355 0.00304915 -36.78439706 1.91670699 -1989.05043052
190.00000000 8.00000000 -57.02624358 -54.09529748 0.00367165 -55.18999905 2.69399347 -1523.80330494
191.00000000 13.00000000 -93.48092744 -88.08146462 0.00463759 -89.46416077 5.04361943 -1779.78007607
192.00000000 13.00000000 -71.01000234 -67.06267251 0.00347825 -68.09971332 3.72127742 -1752.01348600
193.00000000 32.00000000 -95.25404867 -89.36184982 0.00436135 -90.66218591 5.57491608 -748.35449460
194.00000000 16.00000000 -31.77912788 -30.18379084 0.00275864 -31.00627977 1.46672140 -319.74442751
195.00000000 7.00000000 -58.55467292 -55.22652195 0.00324429 -56.19380566 3.13521474 -2188.55591538
196.00000000 31.00000000 -69.43282459 -66.00129694 0.00417780 -67.24690870 3.13794854 -1302.08655035
197.00000000 17.00000000 -69.29915122 -65.83419242 0.00378493 -66.96267059 3.20773508 -2349.76198995
198.00000000 6.00000000 -83.07545323 -78.28115301 0.00426247 -79.55200761 4.48985885 -2006.54363299
199.00000000 17.00000000 -43.59497672 -41.48246578 0.00341133 -42.49955459 1.90441586 -295.17824551
200.00000000 10.00000000 -80.50488056 -75.79346480 0.00422901 -77.05434551 4.39957137 -1561.23364363
201.00000000 24.00000000 -69.68595535 -65.30017878 0.00363098 -66.38275403 4.15554146 -685.05090639
202.00000000 14.00000000 -58.39669516 -55.25770011 0.00335966 -56.25938373 2.92550088 -1028.34901238
203.00000000 13.00000000 -56.63880672 -53.75461274 0.00366923 -54.84859243 2.65337822 -1183.92759493
204.00000000 9.00000000 -76.81544207 -72.80639960 0.00383576 -73.95003142 3.74341773 -2219.72305442
205.00000000 14.00000000 -58.26356617 -55.28054318 0.00335291 -56.28021469 2.78974135 -311.15486475
206.00000000 24.00000000 -56.55762742 -53.36834442 0.00361639 -54.44657034 2.95162003 -1991.26813572
207.00000000 16.00000000 -69.77253275 -65.52510729 0.00414194 -66.76002562 3.95899494 -361.60607524
208.00000000 7.00000000 -57.27593848 -54.34112627 0.00378538 -55.46973822 2.68837778 -1469.01521429
209.00000000 14.00000000 -68.51274300 -64.83749163 0.00383629 -65.98128163 3.41870803 -779.27317887
210.00000000 20.00000000 -45.63109292 -43.22411492 0.00371710 -44.33236786 2.17525212 -2155.17050335
211.00000000 16.00000000 -93.75082990 -88.12547769 0.00430432 -89.40881196 5.30908880 -1154.31785358
212.00000000 23.00000000 -51.16068996 -48.46014750 0.00312431 -49.39166170 2.52666589 -1121.04362612
213.00000000 8.00000000 -76.66743472 -72.60862329 0.00368224 -73.70648214 3.81269451 -1549.97170427
214.00000000 9.00000000 -68.33123323 -64.75607998 0.00358864 -65.82603430 3.34565720 -1590.26306548
215.00000000 6.00000000 -71.71715492 -67.78867711 0.00348559 -68.82790468 3.70223542 -2221.11162052
216.00000000 7.00000000 -51.15082783 -48.34638136 0.00310322 -49.27160601 2.63359970 -2001.02618128
217.00000000 13.00000000 -57.89525494 -54.85252019 0.00349084 -55.89331353 2.80927530 -1167.09605474
218.00000000 7.00000000 -70.77451406 -67.22511376 0.00402111 -68.42400697 3.26427967 -2253.56803990
219.00000000 10.00000000 -68.35808625 -64.93425346 0.00391387 -66.10117514 3.15818325 -944.82562121
220.00000000 25.00000000 -63.62987901 -60.12937926 0.00343733 -61.15421849 3.28749201 -498.35838769
221.00000000 19.00000000 -93.57678704 -88.08284865 0.00448791 -89.42091960 5.15514525 -1758.72432364
222.00000000 16.00000000 -45.59680858 -42.95014684 0.00312136 -43.88077955 2.46469273 -959.00560228
223.00000000 15.00000000 -71.01543784 -67.39222041 0.00407344 -68.60671601 3.34885663 -1412.90049668
224.00000000 14.00000000 -63.87092983 -60.35684958 0.00401078 -61.55266223 3.24507623 -322.87672494
225.00000000 14.00000000 -54.52182473 -51.22285786 0.00317925 -52.17075123 3.12622555 -3062.86153130
226.00000000 14.00000000 -85.32060015 -80.45761971 0.00407168 -81.67158965 4.57905324 -1324.07574045
227.00000000 14.00000000 -40.21558449 -38.13824307 0.00280483 -38.97450297 1.93844056 -915.67998279
228.00000000 14.00000000 -53.08068052 -50.35031412 0.00327917 -51.32799784 2.52962579 -927.39079637
229.00000000 14.00000000 -44.95997916 -42.72936563 0.00323310 -43.69331553 2.04758384 -1764.73967608
230.00000000 16.00000000 -62.37057252 -58.98704457 0.00345278 -60.01649207 3.16368535 -1733.55049040
231.00000000 22.00000000 -96.65831820 -90.91848096 0.00420218 -92.17136037 5.42862824 -577.66995239
232.00000000 18.00000000 -83.88048636 -79.51649870 0.00435855 -80.81600052 4.05468487 -1374.04002867
233.00000000 8.00000000 -50.75791078 -47.96207041 0.00322309 -48.92303609 2.60795675 -1225.60631990
234.00000000 12.00000000 -82.67538292 -77.90850845 0.00417215 -79.15243643 4.46348412 -1513.61823296
235.00000000 18.00000000 -71.16708126 -67.03095845 0.00360367 -68.10539373 3.90057673 -1480.46134531
236.00000000 12.00000000 -82.65167657 -78.38084611 0.00430142 -79.66331519 3.95791492 -1243.57453001
237.00000000 0.00000000 0.00000000 0.00000000 0.00000000 0.00000000 0.00000000 0.00000000
238.00000000 14.00000000 -69.49681671 -65.73404635 0.00411201 -66.96004161 3.46116885 -455.35018936
239.00000000 17.00000000 -65.11578727 -61.76914732 0.00354051 -62.82474905 3.11110266 -1216.50519614
240.00000000 25.00000000 -40.22610429 -38.17441371 0.00306392 -39.08792117 1.88082754 -176.89698499
241.00000000 13.00000000 -30.93510956 -29.41563262 0.00314709 -30.35393676 1.34606310 -1686.37864613
242.00000000 18.00000000 -32.94122277 -31.05346772 0.00292846 -31.92658771 1.72428541 -351.23501383
243.00000000 20.00000000 -81.95505544 -77.07622658 0.00437233 -78.37983533 4.54960578 -272.69326886
244.00000000 13.00000000 -86.93785248 -81.59346375 0.00373683 -82.70759985 5.09835621 -829.16453812
245.00000000 16.00000000 -63.02638069 -59.65583505 0.00345993 -60.68741174 3.15150214 -2054.40240458
246.00000000 13.00000000 -71.01000387 -67.06275106 0.00347848 -68.09986073 3.72116854 -1752.43386435
247.00000000 15.00000000 -67.45011968 -63.39273422 0.00395886 -64.57306746 3.77935193 -1676.49755534
248.00000000 19.00000000 -82.24872322 -77.94891078 0.00432572 -79.23862432 3.97779415 -48.21895504
249.00000000 12.00000000 -80.48334415 -76.10523878 0.00432834 -77.39573250 4.05987473 -1598.51093709
250.00000000 16.00000000 -84.02450123 -79.21004003 0.00385391 -80.35908201 4.54754446 -1454.96307109
251.00000000 20.00000000 -72.91126644 -68.56714461 0.00331839 -69.55652141 4.14819465 -2299.78846526
252.00000000 14.00000000 -81.31691262 -77.05016664 0.00452747 -78.40003235 3.92513176 -628.37611299
253.00000000 0.00000000 0.00000000 0.00000000 0.00000000 0.00000000 0.00000000 0.00000000
254.00000000 26.00000000 -97.82739802 -92.12519490 0.00429483 -93.40569750 5.39150858 -2264.92898156
255.00000000 10.00000000 -64.51930277 -61.04071628 0.00374031 -62.15588998 3.24602068 -939.96821695
256.00000000 0.00000000 0.00000000 0.00000000 0.00000000 0.00000000 0.00000000 0.00000000
257.00000000 13.00000000 -71.01000358 -67.06273204 0.00347843 -68.09982566 3.72119469 -1752.33737859
258.00000000 22.00000000 -67.68653412 -63.50396394 0.00378066 -64.63116879 3.93157372 -1155.11839887
259.00000000 21.00000000 -65.42418951 -62.11832392 0.00367878 -63.21515140 3.06069620 -884.29758487
260.00000000 23.00000000 -56.54823059 -53.29727239 0.00347088 -54.33211387 3.02970098 -1943.78502435
261.00000000 18.00000000 -94.88399453 -89.52533218 0.00468814 -90.92310075 5.00234458 -395.55988614
262.00000000 14.00000000 -70.71765887 -67.05253300 0.00392482 -68.22271900 3.40314475 -1687.98247415
263.00000000 25.00000000 -73.97148525 -69.37212449 0.00372245 -70.48197353 4.36283270 -1052.56435534
264.00000000 12.00000000 -55.62546466 -52.25357003 0.00356342 -53.31600475 3.14048001 -762.54890478
