0.00000000 0.00000000 -64.28161978 -60.36447026 0.00318660 -61.31455362 3.74599454 -1289.06386584
1.00000000 0.00000000 -37.85544017 -35.98741628 0.00289572 -36.85077404 1.72237205 -378.32994642
2.00000000 0.00000000 -72.96723105 -68.94064117 0.00411127 -70.16641661 3.74523842 -247.68848096
3.00000000 0.00000000 -61.42547608 -57.60708299 0.00335703 -58.60798200 3.62066356 -611.51733964
4.00000000 0.00000000 -63.94462196 -60.49406621 0.00328311 -61.47292457 3.25875299 -746.43593929
5.00000000 0.00000000 -59.99274633 -56.50859203 0.00326649 -57.48249647 3.29568397 -1187.15834958
6.00000000 0.00000000 -66.14246258 -62.65343684 0.00330566 -63.63902021 3.29322248 -571.29905582
7.00000000 0.00000000 -99.01678225 -93.08448441 0.00431098 -94.36980348 5.63380639 -82.70179364
8.00000000 0.00000000 -70.61908043 -66.13201083 0.00339826 -67.14520161 4.29009527 -1128.79535410
9.00000000 0.00000000 -65.59364153 -61.93307174 0.00329311 -62.91491266 3.47486757 -465.96860038
10.00000000 0.00000000 -41.46792368 -39.14169424 0.00289879 -40.00596831 2.17776058 -271.06954841
11.00000000 0.00000000 -57.89348992 -54.92411343 0.00321685 -55.88321763 2.78898027 -792.96366613
12.00000000 0.00000000 -46.09475794 -43.73547592 0.00313788 -44.67103583 2.18662463 -1091.09856241
13.00000000 0.00000000 -50.26907600 -47.54776056 0.00323101 -48.51108647 2.53098660 -613.14197552
14.00000000 0.00000000 -55.73954499 -52.26264438 0.00311884 -53.19252698 3.30925789 -1181.85518507
15.00000000 0.00000000 -52.81008817 -49.83582439 0.00314561 -50.77368760 2.80342164 -457.10466052
16.00000000 0.00000000 -69.24522059 -65.48506901 0.00402816 -66.68606514 3.48023173 -733.03414193
17.00000000 0.00000000 -65.21647067 -61.61114061 0.00341878 -62.63044967 3.40074946 -197.26901889
18.00000000 0.00000000 -83.70685502 -79.07444599 0.00414472 -80.31019410 4.34711038 -507.46891137
19.00000000 0.00000000 -82.97973458 -77.76403947 0.00386630 -78.91677533 4.96104028 -827.53321264
20.00000000 0.00000000 -81.43628657 -76.46868231 0.00369234 -77.56955311 4.72766943 -999.82990062
21.00000000 0.00000000 -94.56720173 -89.01211216 0.00428050 -90.28834339 5.24565470 -1212.95969933
22.00000000 0.00000000 -58.30843166 -55.23165353 0.00338474 -56.24081320 2.86241093 -383.49539363
23.00000000 0.00000000 -59.68826615 -56.55757612 0.00360693 -57.63298185 2.89973297 -472.17127239
24.00000000 0.00000000 -63.20399930 -59.89659631 0.00353896 -60.95173638 3.07544681 -606.49272868
25.00000000 0.00000000 -90.35231470 -85.34892845 0.00393694 -86.52272672 4.73556569 -1129.49856036
26.00000000 0.00000000 -81.31903106 -76.32343909 0.00367945 -77.42046678 4.76132245 -1123.14222033
27.00000000 0.00000000 -94.34757359 -88.73506275 0.00414233 -89.97009980 5.32285333 -1063.46556413
28.00000000 0.00000000 -85.82617113 -80.97259425 0.00356664 -82.03598935 4.62543508 -210.79096607
29.00000000 0.00000000 -69.12683189 -65.41846493 0.00381545 -66.55604114 3.45146953 -391.58480167
30.00000000 0.00000000 -94.89187283 -89.21722418 0.00455180 -90.57434224 5.32570444 -410.21818138
31.00000000 0.00000000 -83.60708717 -79.07205681 0.00399167 -80.26217177 4.26098923 -142.21896454
32.00000000 0.00000000 -59.20801264 -56.04937859 0.00371391 -57.15668066 2.91770927 -790.04636439
33.00000000 0.00000000 -76.18814890 -72.11351576 0.00408807 -73.33237269 3.78953420 -712.92938156
34.00000000 0.00000000 -32.29679355 -30.73728089 0.00292064 -31.60806931 1.40847097 -485.31294786
35.00000000 0.00000000 -45.58469464 -43.19063319 0.00311734 -44.12006706 2.23099821 -365.09586393
36.00000000 0.00000000 0.00000000 0.00000000 0.00000000 0.00000000 0.00000000 0.00000000
37.00000000 0.00000000 -46.05189478 -43.26739800 0.00300360 -44.16292153 2.62000402 -1004.03583700
38.00000000 0.00000000 -68.88529780 -65.19431071 0.00380753 -66.32952522 3.44077532 -527.87825685
39.00000000 0.00000000 0.00000000 0.00000000 0.00000000 0.00000000 0.00000000 0.00000000
40.00000000 0.00000000 -83.90992580 -79.30053154 0.00409188 -80.52052465 4.33106942 -584.11242594
41.00000000 0.00000000 -96.64503167 -90.88207200 0.00428219 -92.15880594 5.45767942 -177.52198572
42.00000000 0.00000000 -56.59689610 -53.81166470 0.00328822 -54.79204848 2.59208831 -307.75859782
43.00000000 0.00000000 -70.91725280 -66.62708690 0.00355498 -67.68700406 4.06655890 -180.50863655
44.00000000 0.00000000 -84.24004646 -79.66058249 0.00376905 -80.78432542 4.33727423 -327.48246140
45.00000000 0.00000000 -38.72755037 -36.49280561 0.00289553 -37.35610810 2.08871505 -725.10308278
46.00000000 0.00000000 -73.09593311 -68.76524676 0.00342961 -69.78778358 4.11693969 -196.36825524
47.00000000 0.00000000 -69.76105241 -66.00781216 0.00350735 -67.05352903 3.53928428 -857.98116078
48.00000000 0.00000000 -72.92721391 -69.01766044 0.00396331 -70.19932191 3.63740669 0.00000000
49.00000000 0.00000000 -98.43125002 -92.74549245 0.00416943 -93.98860943 5.39078876 -1252.47823065
50.00000000 0.00000000 -58.30932023 -55.23481142 0.00338846 -56.24508120 2.85959598 -380.10818374
51.00000000 0.00000000 -99.15925162 -93.26014949 0.00405471 -94.46906230 5.62103951 -57.12776843
52.00000000 0.00000000 -70.89261049 -66.98396345 0.00383070 -68.12608790 3.66131727 -507.60666179
53.00000000 0.00000000 -54.07444671 -51.10409233 0.00302449 -52.00584357 2.81207314 -1127.86126824
54.00000000 0.00000000 -99.11095738 -93.13972655 0.00425353 -94.40791545 5.67568317 -17.19379316
55.00000000 0.00000000 -94.54448501 -88.83929126 0.00402398 -90.03903960 5.42413350 -708.63482005
56.00000000 0.00000000 -58.42706220 -55.30867323 0.00341898 -56.32804233 2.92052322 -362.60404135
57.00000000 0.00000000 -82.07375603 -77.13293439 0.00438978 -78.44174855 4.61880710 -464.41285133
58.00000000 0.00000000 -57.95308853 -54.88197354 0.00385736 -56.03204649 2.80904864 -1085.00479356
59.00000000 0.00000000 -38.62192275 -36.47489587 0.00288069 -37.33377360 2.00373385 -586.32507154
60.00000000 0.00000000 -44.79509419 -42.55864558 0.00307760 -43.47623059 2.07036830 -430.33576888
61.00000000 0.00000000 -62.06270151 -58.64604846 0.00338735 -59.65598669 3.21023257 -878.21474819
62.00000000 0.00000000 -39.01370936 -37.08061054 0.00305360 -37.99104125 1.75504192 -570.68736296
63.00000000 0.00000000 -59.28460044 -56.01645568 0.00310750 -56.94295631 3.10609637 -274.97544302
64.00000000 0.00000000 -51.14423226 -48.31723540 0.00337532 -49.32358662 2.62169256 -570.65846692
65.00000000 0.00000000 -46.02922307 -43.27803107 0.00299095 -44.16978173 2.58906463 -961.04059400
66.00000000 0.00000000 0.00000000 0.00000000 0.00000000 0.00000000 0.00000000 0.00000000
67.00000000 0.00000000 -93.90507288 -88.48737110 0.00410847 -89.71231250 5.11945967 -431.65211809
68.00000000 0.00000000 -98.52824791 -92.92787666 0.00375018 -94.04599203 5.34949052 -447.42037575
69.00000000 0.00000000 -68.75935080 -65.14909954 0.00430072 -66.43136008 3.30822240 -65.66878930
70.00000000 0.00000000 -94.67401742 -88.99702955 0.00409354 -90.21751998 5.38481118 -825.60217505
71.00000000 0.00000000 -41.55775880 -39.24386948 0.00279885 -40.07834747 2.18140058 -656.90939781
72.00000000 0.00000000 -70.97452671 -66.71268179 0.00360548 -67.78765542 4.02886584 -194.80049359
73.00000000 0.00000000 -99.16139399 -93.20846046 0.00430145 -94.49093847 5.65158684 -69.61596962
74.00000000 0.00000000 -61.03698910 -57.38834751 0.00322975 -58.35129820 3.46382756 -265.80542085
75.00000000 0.00000000 -58.75084320 -55.53166927 0.00334133 -56.52788726 3.02678785 -287.68990146
76.00000000 0.00000000 -87.34238186 -82.00294071 0.00393098 -83.17496378 5.07593843 -600.54210396
77.00000000 0.00000000 -56.28599540 -53.32367486 0.00348068 -54.36143998 2.74694259 -477.49380984
78.00000000 0.00000000 -67.23305208 -63.48715665 0.00478367 -64.91340878 3.42308250 -60.56552178
79.00000000 0.00000000 -44.77028110 -42.43419822 0.00296756 -43.31897696 2.18597851 -809.78900170
80.00000000 0.00000000 -57.52118617 -54.42616284 0.00355546 -55.48622445 2.87200779 -596.07596039
81.00000000 0.00000000 -82.70864869 -77.65313717 0.00424796 -78.91966586 4.74871811 -672.11196507
82.00000000 0.00000000 -81.64667271 -76.88661036 0.00434598 -78.18236351 4.44699752 -496.67735243
83.00000000 0.00000000 -72.32159548 -68.09659971 0.00323359 -69.06069597 4.04194783 -888.02333018
84.00000000 0.00000000 -67.38637681 -63.58299336 0.00335520 -64.58334494 3.60170534 -747.93741612
85.00000000 0.00000000 -44.72359795 -42.43963649 0.00299805 -43.33350374 2.13035944 -347.17471066
86.00000000 0.00000000 -94.08301967 -88.69981704 0.00464544 -90.08485469 5.01749690 -402.20501014
87.00000000 0.00000000 -39.14033620 -37.06946289 0.00296081 -37.95222935 1.91011798 -426.50627084
88.00000000 0.00000000 -71.98815900 -68.06384183 0.00353801 -69.11869968 3.69757724 -259.00836266
89.00000000 0.00000000 -29.22973404 -27.48031951 0.00270392 -28.28649354 1.62897231 -227.79711360
90.00000000 0.00000000 -46.03040227 -43.27868899 0.00299033 -44.17025570 2.58967387 -961.31684384
91.00000000 0.00000000 -68.57188573 -64.35689291 0.00350639 -65.40232242 3.99649837 -1348.45082794
92.00000000 0.00000000 -45.85218166 -43.56323217 0.00310576 -44.48921319 2.11754326 -530.80204532
93.00000000 0.00000000 -83.34496626 -78.76593478 0.00393558 -79.93932744 4.31298947 -358.80055607
94.00000000 0.00000000 -68.74173257 -64.97960863 0.00376414 -66.10188594 3.51386086 -877.00559377
95.00000000 0.00000000 -82.67295904 -78.17588705 0.00388969 -79.33559813 4.24328140 -532.07884157
96.00000000 0.00000000 -44.17557848 -41.76315606 0.00296832 -42.64815992 2.26765034 -428.59112457
97.00000000 0.00000000 -95.39647257 -89.94911002 0.00458567 -91.31632682 5.09904327 -1211.49031015
98.00000000 0.00000000 -94.50709269 -88.91266230 0.00437418 -90.21682477 5.27068905 -1060.44819792
99.00000000 0.00000000 -83.97252697 -79.06986939 0.00374293 -80.18582310 4.65691962 -1109.46776867
100.00000000 0.00000000 -44.91066059 -42.54030621 0.00320710 -43.49650253 2.19504941 -576.66894824
101.00000000 0.00000000 -32.32048954 -30.67261655 0.00354148 -31.72850930 1.43074866 -545.34452829
102.00000000 0.00000000 -58.30900452 -55.23637109 0.00338107 -56.24443845 2.85836274 -377.32530165
103.00000000 0.00000000 -59.47433391 -56.57560713 0.00366954 -57.66968021 2.65873678 -316.24480035
104.00000000 0.00000000 -81.44881072 -76.46595147 0.00371790 -77.57444399 4.73712960 -821.63553212
105.00000000 0.00000000 -96.46517151 -90.91921141 0.00414177 -92.15407923 5.24565032 -429.94263226
106.00000000 0.00000000 -55.28299416 -52.12788625 0.00335904 -53.12938315 2.95762624 -1223.35119141
107.00000000 0.00000000 -70.63374368 -66.64693594 0.00360649 -67.72221074 3.76732766 -1133.88405424
108.00000000 0.00000000 0.00000000 0.00000000 0.00000000 0.00000000 0.00000000 0.00000000
109.00000000 0.00000000 -62.54705098 -58.48095310 0.00319553 -59.43369972 3.88943556 0.00000000
110.00000000 0.00000000 -81.39552803 -76.84410245 0.00383425 -77.98728424 4.30056583 -946.31081305
111.00000000 0.00000000 -72.84834079 -68.43344143 0.00330112 -69.41767046 4.22162264 -455.90283829
112.00000000 0.00000000 -70.49911902 -66.72508840 0.00382926 -67.86678303 3.49710036 -232.74886637
113.00000000 0.00000000 -91.30663372 -86.19959245 0.00379303 -87.33048457 4.85616195 -419.06190421
114.00000000 0.00000000 -94.54969933 -88.98838860 0.00416207 -90.22931067 5.26827825 -1126.23816332
115.00000000 0.00000000 -64.44841025 -60.71594262 0.00337187 -61.72126539 3.52930968 -208.70185489
116.00000000 0.00000000 0.00000000 0.00000000 0.00000000 0.00000000 0.00000000 0.00000000
117.00000000 0.00000000 -34.77334552 -32.74093637 0.00265995 -33.53400024 1.90908814 -816.20850785
118.00000000 0.00000000 -68.73375939 -64.94382067 0.00371486 -66.05140706 3.55398815 -918.21772455
119.00000000 0.00000000 -37.92672125 -35.87486642 0.00291532 -36.74406917 1.90263823 -302.39352311
120.00000000 0.00000000 0.00000000 0.00000000 0.00000000 0.00000000 0.00000000 0.00000000
121.00000000 0.00000000 -46.05226911 -43.26771557 0.00300362 -44.16324366 2.62006431 -1004.26602643
122.00000000 0.00000000 -96.66272646 -90.91188937 0.00391462 -92.07903470 5.48328991 -814.52276953
123.00000000 0.00000000 -81.40612364 -76.69421037 0.00420855 -77.94899032 4.40184289 -141.16724662
124.00000000 0.00000000 -78.05154312 -73.72739888 0.00372065 -74.83671140 4.08287916 -201.65722730
125.00000000 0.00000000 -58.08590785 -55.28075019 0.00409068 -56.50038659 2.50905972 -153.26036160
126.00000000 0.00000000 -82.60259166 -78.18046213 0.00363659 -79.26471013 4.19233785 -971.24650999
127.00000000 0.00000000 -31.27085807 -29.21578299 0.00302232 -30.11688878 1.88594260 -173.61985647
128.00000000 0.00000000 -45.17055155 -42.92150325 0.00306485 -43.83528734 2.08462352 -505.40460003
129.00000000 0.00000000 -60.21628695 -56.44107719 0.00293448 -57.31599105 3.62515858 -1260.96864021
130.00000000 0.00000000 -58.30772470 -55.23563116 0.00338358 -56.24444644 2.85753192 -377.03087604
131.00000000 0.00000000 -51.98447621 -49.19227080 0.00313468 -50.12687417 2.61695292 -1241.67906445
132.00000000 0.00000000 -81.78568225 -77.39006668 0.00406318 -78.60150495 4.11055899 -516.86649754
133.00000000 0.00000000 -82.34285142 -77.28014458 0.00387166 -78.43448028 4.81026030 -952.38682310
134.00000000 0.00000000 -53.38985850 -50.87993223 0.00316723 -51.82424168 2.32384827 -349.16556137
135.00000000 0.00000000 -71.35621713 -67.52227256 0.00352412 -68.57298791 3.62341077 -340.86284350
136.00000000 0.00000000 -51.80591203 -48.86047737 0.00311426 -49.78899374 2.77547404 -843.68468886
137.00000000 0.00000000 -45.69810851 -42.47875248 0.00290365 -43.34447481 3.06893339 0.00000000
138.00000000 0.00000000 -89.66446234 -84.56689814 0.00440624 -85.88061802 4.78601195 -511.96175231
139.00000000 0.00000000 -63.93822260 -60.45888646 0.00331845 -61.44828142 3.28643722 -1560.30548494
140.00000000 0.00000000 -56.95228698 -53.78410771 0.00319003 -54.73521441 2.98883736 0.00000000
141.00000000 0.00000000 -59.20157426 -56.07733579 0.00373689 -57.19148956 2.88100517 -475.45835681
142.00000000 0.00000000 -66.87641936 -63.29038607 0.00320074 -64.24468655 3.40472343 -1589.31501908
143.00000000 0.00000000 -70.85603070 -66.98520042 0.00359729 -68.05773165 3.64724070 -519.56071641
144.00000000 0.00000000 -53.30379639 -50.21939970 0.00321576 -51.17817815 2.90459824 -195.96045623
145.00000000 0.00000000 -71.88811635 -67.90001050 0.00370336 -69.00416808 3.75158687 -268.75097309
146.00000000 0.00000000 -69.63828196 -65.66276894 0.00402500 -66.86282198 3.69502940 -1150.70136098
147.00000000 0.00000000 -64.33967111 -60.81204826 0.00326859 -61.78657979 3.34064835 -137.18799267
148.00000000 0.00000000 -83.07646029 -78.05527935 0.00399587 -79.24664768 4.74481636 -988.49096164
149.00000000 0.00000000 0.00000000 0.00000000 0.00000000 0.00000000 0.00000000 0.00000000
150.00000000 0.00000000 -81.47995508 -77.25527231 0.00383275 -78.39800616 3.96577586 -279.01483963
151.00000000 0.00000000 -56.63472678 -53.27785315 0.00359048 -54.34835359 3.12706746 -133.61969520
152.00000000 0.00000000 -32.87919211 -31.14831238 0.00329024 -32.12929720 1.53968700 -247.19511758
153.00000000 0.00000000 -65.15384971 -61.52571429 0.00348033 -62.56337391 3.41495304 -973.15608331
154.00000000 0.00000000 -98.97944547 -93.24870190 0.00381297 -94.38553871 5.47232457 -183.26617657
155.00000000 0.00000000 -72.32101010 -68.09614544 0.00323355 -69.06022812 4.04182705 -888.56203843
156.00000000 0.00000000 -70.95288348 -66.75752074 0.00355503 -67.81745422 3.96754998 -710.89253254
157.00000000 0.00000000 -88.91298196 -83.79733344 0.00377260 -84.92213378 4.87347086 -839.41109250
158.00000000 0.00000000 -59.74557586 -56.62796313 0.00356755 -57.69162934 2.88914972 -522.56855977
159.00000000 0.00000000 -58.13790351 -54.86029097 0.00302993 -55.76366322 3.13080771 -1300.00914652
160.00000000 0.00000000 0.00000000 0.00000000 0.00000000 0.00000000 0.00000000 0.00000000
161.00000000 0.00000000 -70.38945898 -66.61105463 0.00370156 -67.71467468 3.53971271 -574.19607508
162.00000000 0.00000000 -40.16507322 -38.04407536 0.00284204 -38.89143045 1.98200312 -277.41940224
163.00000000 0.00000000 -67.80184224 -64.18226928 0.00313493 -65.11694955 3.45187271 -847.32828337
164.00000000 0.00000000 -68.74627835 -64.62242860 0.00363068 -65.70491495 3.88531503 -578.50435072
165.00000000 0.00000000 -70.77861685 -67.08036861 0.00425359 -68.34857649 3.38638919 -279.24666124
166.00000000 0.00000000 -69.80087180 -65.43026155 0.00376990 -66.55425688 4.12851379 -898.31959487
167.00000000 0.00000000 -95.45493436 -89.65833562 0.00408137 -90.87519574 5.50896770 -840.10788415
168.00000000 0.00000000 -52.26197665 -49.17551300 0.00300053 -50.07011972 2.93502748 -361.81289992
169.00000000 0.00000000 -59.18145490 -55.50792402 0.00349088 -56.54873056 3.45863198 -425.18517149
170.00000000 0.00000000 -83.15001896 -78.34489225 0.00376808 -79.46834532 4.55163284 -309.38421671
171.00000000 0.00000000 -70.29623394 -66.15915904 0.00345682 -67.18981026 3.93171288 -637.16100304
172.00000000 0.00000000 -51.55565869 -48.39404655 0.00295336 -49.27459020 3.01900366 -1213.34939752
173.00000000 0.00000000 -94.85438156 -89.39563775 0.00417780 -90.64124838 5.15634139 -1467.66121660
174.00000000 0.00000000 -32.44162791 -30.90714208 0.00313117 -31.84070043 1.36748623 -248.02764871
175.00000000 0.00000000 -66.83145732 -62.99407214 0.00324218 -63.96072732 3.65294989 -444.56229886
176.00000000 0.00000000 -53.34138831 -50.48649722 0.00310853 -51.41330641 2.68352254 -189.00172838
177.00000000 0.00000000 -74.45529741 -69.86034322 0.00361353 -70.93771679 4.36715943 -607.49505571
178.00000000 0.00000000 -73.09539199 -68.76474954 0.00342968 -69.78730718 4.11688469 -196.32465873
179.00000000 0.00000000 -38.01684632 -35.69060182 0.00274393 -36.50870359 2.20550850 -1154.90546500
180.00000000 0.00000000 -51.57340839 -48.37528988 0.00295255 -49.25559385 3.05615889 -1234.00049718
181.00000000 0.00000000 -70.64684751 -66.73861197 0.00377013 -67.86267609 3.66704384 -565.20079583
182.00000000 0.00000000 -95.97319169 -90.21479660 0.00437345 -91.51874064 5.43985941 -971.40840310
183.00000000 0.00000000 -82.27931612 -77.79017643 0.00391722 -78.95809679 4.22539248 -444.17910636
184.00000000 0.00000000 -63.41973785 -59.76469358 0.00350595 -60.80999387 3.43801574 -701.32855725
185.00000000 0.00000000 -60.21591204 -56.44081838 0.00293435 -57.31569362 3.62505573 -1260.81082323
186.00000000 0.00000000 -72.40646335 -67.92008141 0.00347704 -68.95676025 4.27601207 -384.08880239
187.00000000 0.00000000 -72.23506048 -68.32688713 0.00400034 -69.51958996 3.63121292 -589.32109010
188.00000000 0.00000000 -58.94579977 -55.86429567 0.00364133 -56.94995808 2.85673018 -599.06531722
189.00000000 0.00000000 -39.56485668 -37.21521670 0.00294840 -38.09428315 2.19918147 -289.56413481
190.00000000 0.00000000 -57.62900643 -54.51488546 0.00343040 -55.53765818 2.91098785 -459.57680738
191.00000000 0.00000000 -94.56932819 -88.95024905 0.00410544 -90.17428627 5.33058168 -885.06538996
192.00000000 0.00000000 -72.32342297 -68.09846513 0.00323335 -69.06248818 4.04194437 -887.14168807
193.00000000 0.00000000 -95.54215468 -89.69987515 0.00414550 -90.93585670 5.55175080 -888.42806020
194.00000000 0.00000000 -31.53844339 -30.07410406 0.00298941 -30.96539702 1.31018294 -259.95258532
195.00000000 0.00000000 -60.04388584 -56.36528423 0.00313895 -57.30116166 3.50251380 -186.74703612
196.00000000 0.00000000 -70.13335717 -66.40367821 0.00367135 -67.49829083 3.49861945 -630.00746941
197.00000000 0.00000000 -70.48886667 -66.64934279 0.00351496 -67.69732912 3.62295835 -412.79238201
198.00000000 0.00000000 -83.75016079 -78.73186203 0.00401328 -79.92842062 4.74642554 -157.93942274
199.00000000 0.00000000 -43.26704205 -40.89533699 0.00337769 -41.90239554 2.16832010 0.00000000
200.00000000 0.00000000 -81.38782323 -76.39620266 0.00388665 -77.55500629 4.72573019 -811.70893883
201.00000000 0.00000000 -69.93326467 -65.56505860 0.00364245 -66.65105525 4.14030290 -951.74183258
202.00000000 0.00000000 -58.67475077 -55.54774506 0.00321050 -56.50495535 2.93565926 -1090.74493378
203.00000000 0.00000000 -57.21984697 -54.18875760 0.00336010 -55.19057181 2.83697658 -639.26629869
204.00000000 0.00000000 -78.01916052 -73.69626676 0.00356299 -74.75857153 4.09920990 -277.40340845
205.00000000 0.00000000 -58.28119459 -55.18019188 0.00324674 -56.14820747 2.92078585 -141.57506811
206.00000000 0.00000000 -57.75137595 -54.37133198 0.00346762 -55.40520172 3.15739634 -303.65065403
207.00000000 0.00000000 -69.80429362 -65.58778103 0.00395050 -66.76562141 3.94563290 -47.30228630
208.00000000 0.00000000 -57.81724736 -54.73899917 0.00363118 -55.82163637 2.85499166 -479.83763608
209.00000000 0.00000000 -68.74683420 -64.99683186 0.00360967 -66.07305418 3.52377998 -611.87939675
210.00000000 0.00000000 -47.14357290 -44.55917668 0.00350152 -45.60315443 2.38011888 -263.99448919
211.00000000 0.00000000 -94.41513509 -88.77494791 0.00417922 -90.02098247 5.34061296 -1347.91426306
212.00000000 0.00000000 -51.80629458 -48.86077443 0.00311437 -49.78932360 2.77554803 -843.26823314
213.00000000 0.00000000 -77.75499440 -73.50320483 0.00337444 -74.50929548 4.05541282 -616.99922509
214.00000000 0.00000000 -69.41204324 -65.65193754 0.00330570 -66.63753301 3.57653821 -640.99805545
215.00000000 0.00000000 -73.09849750 -68.76771490 0.00342944 -69.79020145 4.11705962 -196.24828818
216.00000000 0.00000000 -52.26247039 -49.17588386 0.00300057 -50.07050261 2.93514706 -361.63961669
217.00000000 0.00000000 -58.30845053 -55.23635128 0.00338432 -56.24538683 2.85747095 -376.53087902
218.00000000 0.00000000 -71.82407016 -67.97234465 0.00366373 -69.06468713 3.61744187 -363.33116186
219.00000000 0.00000000 -69.17997929 -65.55514271 0.00358270 -66.62332505 3.40184772 -1210.92759535
220.00000000 0.00000000 -63.72785470 -60.24388428 0.00349054 -61.28458974 3.26611946 -314.28463837
221.00000000 0.00000000 -94.69237785 -88.98565307 0.00413029 -90.21710026 5.41341041 -980.03728915
222.00000000 0.00000000 -46.02904510 -43.27768570 0.00299068 -44.16935756 2.58927965 -961.23698967
223.00000000 0.00000000 -71.60878588 -67.79021907 0.00368940 -68.89021386 3.59312523 -301.59779827
224.00000000 0.00000000 -63.91419364 -60.38324499 0.00397351 -61.56794818 3.26512839 -339.46527028
225.00000000 0.00000000 -58.27771180 -54.92261817 0.00302816 -55.82546534 3.20689464 -731.42288878
226.00000000 0.00000000 -86.31391869 -81.25681974 0.00368418 -82.35525819 4.82274151 -630.56460975
227.00000000 0.00000000 -40.42677304 -38.23974652 0.00287466 -39.09682512 2.03620665 0.00000000
228.00000000 0.00000000 -53.28906403 -50.55228619 0.00326509 -51.52577228 2.53764819 -366.46461715
229.00000000 0.00000000 -45.58698702 -43.19251511 0.00311716 -44.12189710 2.23143640 -363.92327151
230.00000000 0.00000000 -63.52681785 -59.84580339 0.00321806 -60.80526698 3.49961896 -762.29664212
231.00000000 0.00000000 -96.79267168 -91.01492377 0.00416990 -92.25817801 5.47268077 -374.88722801
232.00000000 0.00000000 -84.21748767 -79.74375464 0.00376374 -80.86591463 4.23195105 -132.52016763
233.00000000 0.00000000 -51.29246118 -48.42208471 0.00313660 -49.35726173 2.69734787 -621.94255517
234.00000000 0.00000000 -83.72534930 -78.76373700 0.00367936 -79.86073801 4.72448932 -1055.81977055
235.00000000 0.00000000 -71.92078942 -67.58854187 0.00337060 -68.59348488 4.12960401 -721.34065190
236.00000000 0.00000000 -83.23254786 -78.72591617 0.00401835 -79.92398579 4.23002516 -551.93179492
237.00000000 0.00000000 0.00000000 0.00000000 0.00000000 0.00000000 0.00000000 0.00000000
238.00000000 0.00000000 -69.61832422 -65.83423723 0.00411802 -67.06202578 3.48357322 -508.84627165
239.00000000 0.00000000 -65.51606949 -62.11588588 0.00347149 -63.15091047 3.17574726 -402.31985222
240.00000000 0.00000000 -40.19377630 -38.09962919 0.00305849 -39.01151672 1.92448981 -207.98872946
241.00000000 0.00000000 -31.91395896 -30.30874374 0.00294820 -31.18774947 1.45784967 -605.13225404
242.00000000 0.00000000 -32.99186537 -31.11581537 0.00273396 -31.93094615 1.73827855 -364.43323902
243.00000000 0.00000000 -82.00519648 -77.02875428 0.00429453 -78.30916891 4.66344940 -466.96736294
244.00000000 0.00000000 -87.19763261 -81.89066472 0.00391526 -83.05800094 5.04591698 -779.39080413
245.00000000 0.00000000 -63.97160181 -60.19139186 0.00326090 -61.16362879 3.59354631 -475.40125158
246.00000000 0.00000000 -72.32380835 -68.09825808 0.00323327 -69.06225742 4.04255329 -885.24268615
247.00000000 0.00000000 -68.62608827 -64.42761322 0.00346521 -65.46076635 3.98874819 -970.26085111
248.00000000 0.00000000 -82.25006678 -77.90409948 0.00441162 -79.21942295 4.02237645 -157.81709616
249.00000000 0.00000000 -81.70004495 -77.25258342 0.00413042 -78.48406870 4.16163359 -1136.41806776
250.00000000 0.00000000 -84.78217617 -79.75201082 0.00359097 -80.82265975 4.79834478 -706.24033081
251.00000000 0.00000000 -72.17678154 -68.13664072 0.00342154 -69.15677384 3.82504632 -1320.71828644
252.00000000 0.00000000 -81.45938216 -77.17479736 0.00417853 -78.42062692 3.98870651 -461.13829291
253.00000000 0.00000000 -60.21479790 -56.43960720 0.00293442 -57.31450590 3.62514429 -1260.91161312
254.00000000 0.00000000 -99.53249868 -93.64622951 0.00390466 -94.81040527 5.62170951 -273.43089163
255.00000000 0.00000000 -65.18367690 -61.57795702 0.00347383 -62.61367962 3.39280281 -1014.61896948
256.00000000 0.00000000 -74.22573258 -69.66144094 0.00343968 -70.68698023 4.35878564 -693.51094298
257.00000000 0.00000000 -72.10818699 -67.86819943 0.00328771 -68.84842994 4.04730131 -1033.64613531
258.00000000 0.00000000 -68.25918935 -64.00285226 0.00345158 -65.03194179 4.05046574 -1164.63679483
259.00000000 0.00000000 -66.11720770 -62.66223655 0.00330268 -63.64693081 3.25729911 -584.52124567
260.00000000 0.00000000 -57.73964542 -54.35384357 0.00332436 -55.34500099 3.18366006 -250.97862865
261.00000000 0.00000000 -94.96813674 -89.48043481 0.00456060 -90.84017737 5.14328407 -144.95889226
262.00000000 0.00000000 -71.35766171 -67.52324125 0.00352434 -68.57402323 3.62386229 -339.60301184
263.00000000 0.00000000 -74.42586090 -69.86424913 0.00355621 -70.92453377 4.34474460 -629.48780058
264.00000000 0.00000000 -55.91282376 -52.56464684 0.00343527 -53.58887288 3.13231219 -782.99101422
