0.00000000 0.00000000 -64.45716992 -60.54692513 0.00317210 -61.49268563 3.74021560 -1281.98162590
1.00000000 0.00000000 -37.85485082 -35.98711089 0.00289579 -36.85048941 1.72207762 -373.72947226
2.00000000 0.00000000 -72.97136832 -68.94458956 0.00411038 -70.17009946 3.74554041 -248.01133953
3.00000000 0.00000000 0.00000000 0.00000000 0.00000000 0.00000000 0.00000000 0.00000000
4.00000000 0.00000000 -63.56511686 -59.93464929 0.00337455 -60.94077017 3.42542539 -735.73743172
5.00000000 0.00000000 -59.99498455 -56.51058974 0.00326663 -57.48453612 3.29590664 -1183.80194789
6.00000000 0.00000000 -66.14317807 -62.65397263 0.00330568 -63.63956253 3.29340486 -571.58017419
7.00000000 0.00000000 -94.29761681 -88.44191992 0.00404613 -89.64827229 5.57826066 -1139.78075465
8.00000000 0.00000000 -69.29182077 -65.26538336 0.00387414 -66.42045873 3.76034582 -105.93639025
9.00000000 0.00000000 -65.59452743 -61.93397413 0.00329315 -62.91582751 3.47484171 -465.81788826
10.00000000 0.00000000 -41.46572892 -39.13976403 0.00290058 -40.00457235 2.17724051 -270.98702930
11.00000000 0.00000000 -57.89236236 -54.92325996 0.00321581 -55.88205429 2.78881370 -793.20055436
12.00000000 0.00000000 -46.09936449 -43.73832852 0.00313714 -44.67366654 2.18848551 -1086.16541443
13.00000000 0.00000000 -50.58319466 -47.77309585 0.00314811 -48.71170423 2.63258183 -455.52622271
14.00000000 0.00000000 -55.74039823 -52.26279194 0.00311864 -53.19261519 3.31003584 -1180.09309018
15.00000000 0.00000000 -52.80911153 -49.83493725 0.00314564 -50.77281128 2.80332913 -457.30340920
16.00000000 0.00000000 -69.09911910 -65.36036558 0.00407005 -66.57384978 3.45773604 -182.67824988
17.00000000 0.00000000 -65.21647660 -61.61155144 0.00341924 -62.63099680 3.40026654 -197.44274210
18.00000000 0.00000000 -83.27806311 -78.69971487 0.00394004 -79.87443686 4.31645338 -302.50198317
19.00000000 0.00000000 0.00000000 0.00000000 0.00000000 0.00000000 0.00000000 0.00000000
20.00000000 0.00000000 -81.42956155 -76.42462448 0.00367471 -77.52023975 4.76728756 -1054.91604649
21.00000000 0.00000000 -94.32628946 -88.69525273 0.00406317 -89.90668802 5.34450501 -791.06474288
22.00000000 0.00000000 -58.30825826 -55.23617683 0.00338234 -56.24462149 2.85763374 -376.12230376
23.00000000 0.00000000 -62.58651167 -59.32109387 0.00362815 -60.40282632 3.03766877 -366.56818380
24.00000000 0.00000000 -63.20499870 -59.89793622 0.00353689 -60.95245894 3.07528086 -607.06860377
25.00000000 0.00000000 -90.35636064 -85.35186998 0.00393752 -86.52584025 4.73663639 -1124.12881919
26.00000000 0.00000000 -81.31894614 -76.32311451 0.00368170 -77.42081238 4.76137056 -1123.31722629
27.00000000 0.00000000 -94.34869796 -88.73780964 0.00414083 -89.97239718 5.32121232 -1069.36925399
28.00000000 0.00000000 -85.81605175 -80.96476741 0.00356919 -82.02892028 4.62281225 -212.23601510
29.00000000 0.00000000 -69.12430794 -65.41345253 0.00379539 -66.54504749 3.45544822 -391.43651730
30.00000000 0.00000000 -94.99957491 -89.50902141 0.00497062 -90.99101170 5.09993754 -141.51880536
31.00000000 0.00000000 -84.40928361 -79.75077167 0.00398568 -80.93910131 4.38674870 -188.99138625
32.00000000 0.00000000 -59.20781247 -56.04912498 0.00371459 -57.15662974 2.91768281 -789.53960428
33.00000000 0.00000000 -76.54049876 -72.36483236 0.00368782 -73.46435637 3.94279348 -547.12561091
34.00000000 0.00000000 -32.29622600 -30.73682689 0.00292058 -31.60759644 1.40836390 -486.04185326
35.00000000 0.00000000 -45.58599926 -43.19173864 0.00311722 -44.12113661 2.23121603 -364.63029543
36.00000000 0.00000000 0.00000000 0.00000000 0.00000000 0.00000000 0.00000000 0.00000000
37.00000000 0.00000000 -46.05002601 -43.26697185 0.00300449 -44.16275908 2.61840435 -1002.30768460
38.00000000 0.00000000 -68.93986102 -65.23183056 0.00370473 -66.33639456 3.46740631 -824.57865300
39.00000000 0.00000000 0.00000000 0.00000000 0.00000000 0.00000000 0.00000000 0.00000000
40.00000000 0.00000000 -83.92358058 -79.32197385 0.00403365 -80.52460783 4.32743031 -616.35640690
41.00000000 0.00000000 -96.93187261 -91.09812941 0.00403377 -92.30079701 5.55940592 -337.25989813
42.00000000 0.00000000 -56.76279350 -53.88399551 0.00344033 -54.90973025 2.66603565 -994.76314579
43.00000000 0.00000000 -71.37463254 -67.01285189 0.00363239 -68.09584752 4.13465761 -292.81286324
44.00000000 0.00000000 -84.23835238 -79.65918420 0.00376931 -80.78300285 4.33694776 -327.91545803
45.00000000 0.00000000 -38.72800390 -36.49317875 0.00289551 -37.35647424 2.08879932 -724.82822842
46.00000000 0.00000000 -73.09641118 -68.76555877 0.00342935 -69.78801941 4.11714104 -196.34123120
47.00000000 0.00000000 -69.76216400 -66.00898733 0.00350712 -67.05463415 3.53924134 -858.33702133
48.00000000 0.00000000 -73.37698811 -69.46490354 0.00376163 -70.58643367 3.67143158 -281.35196960
49.00000000 0.00000000 -98.44134326 -92.77867403 0.00397116 -93.96267487 5.39027984 -1237.91654912
50.00000000 0.00000000 -58.30862137 -55.23593378 0.00338205 -56.24429145 2.85830960 -376.75762528
51.00000000 0.00000000 -94.14012895 -88.42379456 0.00396268 -89.60526902 5.44684908 -1150.92462411
52.00000000 0.00000000 -70.45808730 -66.60526805 0.00366118 -67.69684756 3.62675413 -301.03401569
53.00000000 0.00000000 -54.07318393 -51.10298920 0.00302472 -52.00480893 2.81187756 -1128.56102411
54.00000000 0.00000000 -94.07472458 -88.68811491 0.00414176 -89.92298013 5.08432664 -396.80028212
55.00000000 0.00000000 -94.70760966 -89.02173403 0.00406147 -90.23266071 5.39666181 -1001.78655284
56.00000000 0.00000000 -58.31883146 -55.21095949 0.00346254 -56.24331504 2.90419620 -130.21208498
57.00000000 0.00000000 -82.07501268 -77.13263288 0.00438771 -78.44082971 4.62070892 -468.72312527
58.00000000 0.00000000 -57.95501405 -54.88309660 0.00385709 -56.03308936 2.80990343 -1085.60098749
59.00000000 0.00000000 -38.62127035 -36.47439679 0.00288068 -37.33327260 2.00357907 -586.98363008
60.00000000 0.00000000 -44.79569356 -42.55951691 0.00307824 -43.47729408 2.06997415 -429.03813429
61.00000000 0.00000000 -63.24377106 -59.52900850 0.00331860 -60.51844959 3.51756757 -938.28436068
62.00000000 0.00000000 -39.14230009 -37.07085558 0.00296068 -37.95358087 1.91072152 -427.70889991
63.00000000 0.00000000 -59.28347324 -56.01548064 0.00310761 -56.94201408 3.10591912 -275.00072729
64.00000000 0.00000000 -51.14350243 -48.31684215 0.00337525 -49.32317151 2.62135553 -570.44420857
65.00000000 0.00000000 -46.02563133 -43.27704318 0.00299127 -44.16888886 2.58634643 -957.98087564
66.00000000 0.00000000 -45.90592580 -43.22816574 0.00299794 -44.12200046 2.51490754 -650.79664481
67.00000000 0.00000000 -93.90469315 -88.48679145 0.00410823 -89.71166135 5.11970020 -431.58317630
68.00000000 0.00000000 -98.52188370 -92.92162608 0.00375250 -94.04043513 5.34908913 -446.01165906
69.00000000 0.00000000 -69.00502841 -65.38484869 0.00403418 -66.58763847 3.34440577 -934.84065598
70.00000000 0.00000000 -94.67480575 -88.99753561 0.00409314 -90.21790416 5.38518953 -825.81504864
71.00000000 0.00000000 -41.55803255 -39.24396958 0.00279890 -40.07846197 2.18156481 -656.81167878
72.00000000 0.00000000 -70.97683598 -66.71476673 0.00360453 -67.78945623 4.02915408 -194.67765346
73.00000000 0.00000000 -93.78598868 -87.82112421 0.00427532 -89.09581085 5.65764939 -31.11928209
74.00000000 0.00000000 -60.55185831 -56.90029831 0.00326332 -57.87325745 3.46164673 -250.99856562
75.00000000 0.00000000 -58.07728906 -54.92245063 0.00350469 -55.96737440 2.93933679 -173.80112505
76.00000000 0.00000000 -84.41247830 -79.46570739 0.00365985 -80.55689291 4.70468967 -1143.40544339
77.00000000 0.00000000 0.00000000 0.00000000 0.00000000 0.00000000 0.00000000 0.00000000
78.00000000 0.00000000 -68.91274011 -65.18511609 0.00376952 -66.30899706 3.48224490 -539.87766411
79.00000000 0.00000000 -44.77003784 -42.43396316 0.00296773 -43.31879173 2.18595174 -809.71835480
80.00000000 0.00000000 -57.39796667 -54.40407119 0.00337285 -55.40968692 2.79975411 -252.82220907
81.00000000 0.00000000 -82.70420011 -77.65061064 0.00430172 -78.93316781 4.74409612 -680.07761269
82.00000000 0.00000000 -81.64511646 -76.88699283 0.00434991 -78.18391913 4.44473044 -496.48213131
83.00000000 0.00000000 -72.10784010 -67.86786303 0.00328786 -68.84813918 4.04727236 -1033.88542260
84.00000000 0.00000000 -67.38497527 -63.58205412 0.00335543 -64.58247503 3.60120300 -748.48042582
85.00000000 0.00000000 -44.72343895 -42.43960620 0.00299820 -43.33351919 2.13020673 -347.30760177
86.00000000 0.00000000 -94.02659801 -88.64897106 0.00445389 -89.97689816 5.04025823 -433.46830902
87.00000000 0.00000000 -39.48868696 -37.31573397 0.00292500 -38.18782308 2.02034422 -440.90609130
88.00000000 0.00000000 -74.33354046 -69.84140731 0.00337419 -70.84742136 4.28790912 0.00000000
89.00000000 0.00000000 -28.29635640 -26.70675745 0.00278845 -27.53813260 1.45073188 -426.18954218
90.00000000 0.00000000 -46.02830938 -43.27769774 0.00299074 -44.16938572 2.58850067 -959.91250892
91.00000000 0.00000000 -68.57207041 -64.35695722 0.00350505 -65.40198652 3.99677064 -1348.03537960
92.00000000 0.00000000 -45.85199985 -43.56285930 0.00310539 -44.48873219 2.11779773 -531.26536616
93.00000000 0.00000000 -82.79359478 -78.43265295 0.00370834 -79.53829314 4.12490989 -322.22272505
94.00000000 0.00000000 -68.74185498 -64.97973281 0.00376418 -66.10202351 3.51385719 -877.08515927
95.00000000 0.00000000 -83.17055664 -78.76324843 0.00410924 -79.98841798 4.12216057 -1055.91087023
96.00000000 0.00000000 -44.17780478 -41.76539295 0.00296631 -42.64979965 2.26794906 -427.59424810
97.00000000 0.00000000 -97.26630086 -91.34588037 0.00420859 -92.60067137 5.61505797 0.00000000
98.00000000 0.00000000 -94.50413241 -88.90078986 0.00434781 -90.19708797 5.28186854 -1053.25704198
99.00000000 0.00000000 -83.97164391 -79.06898449 0.00374251 -80.18481432 4.65697234 -1109.98779606
100.00000000 0.00000000 -44.91666032 -42.54613920 0.00320354 -43.50127370 2.19573536 -574.69098037
101.00000000 0.00000000 -32.31953346 -30.67198988 0.00354350 -31.72848477 1.43016921 -543.47671608
102.00000000 0.00000000 -58.30908781 -55.23630211 0.00338318 -56.24499725 2.85827203 -377.39460688
103.00000000 0.00000000 -58.76665486 -55.65131476 0.00371180 -56.75798734 2.87968714 -726.69694225
104.00000000 0.00000000 -81.34939454 -76.38435628 0.00372008 -77.49349746 4.71867950 -773.74783270
105.00000000 0.00000000 -97.04300562 -91.32067151 0.00399666 -92.51227540 5.44901270 -438.45100968
106.00000000 0.00000000 -55.27273504 -52.11402497 0.00338397 -53.12295454 2.95957543 -830.37878635
107.00000000 0.00000000 -70.63358544 -66.64731727 0.00360669 -67.72265123 3.76674499 -1134.22955531
108.00000000 0.00000000 -55.11488609 -51.83047343 0.00347898 -52.86773266 3.07493351 0.00000000
109.00000000 0.00000000 -62.51651976 -58.52546397 0.00318219 -59.47423385 3.81705285 -2071.45902073
110.00000000 0.00000000 -81.39782477 -76.84756055 0.00383842 -77.99198541 4.29902441 -948.48616452
111.00000000 0.00000000 -72.84718927 -68.43246007 0.00330118 -69.41670742 4.22143996 -456.10639978
112.00000000 0.00000000 -70.51241890 -66.67331983 0.00387601 -67.82895236 3.56678095 -321.87207476
113.00000000 0.00000000 -91.33119628 -86.20984529 0.00376220 -87.33154440 4.87335344 -414.92287101
114.00000000 0.00000000 -94.54985382 -88.98746015 0.00416180 -90.22830173 5.26946009 -1126.19475575
115.00000000 0.00000000 -64.44688530 -60.71433586 0.00337198 -61.71969158 3.52938164 -208.75572961
116.00000000 0.00000000 -84.48813905 -79.84440467 0.00407331 -81.05886165 4.36431719 -247.83657921
117.00000000 0.00000000 -34.77219631 -32.73992950 0.00265996 -33.53299560 1.90894316 -817.62885371
118.00000000 0.00000000 -68.73231228 -64.94252078 0.00371226 -66.04933067 3.55388547 -917.74616257
119.00000000 0.00000000 -37.92687792 -35.87506444 0.00291580 -36.74440897 1.90251747 -307.21448449
120.00000000 0.00000000 -47.51959654 -44.24448544 0.00291215 -45.11274245 3.13046516 0.00000000
121.00000000 0.00000000 -46.04825984 -43.26646951 0.00300465 -44.16230471 2.61708782 -1000.29334412
122.00000000 0.00000000 -96.96494234 -91.30560489 0.00399301 -92.49612173 5.37924798 -838.87047806
123.00000000 0.00000000 -81.42393527 -76.56157312 0.00425972 -77.83160798 4.54697167 -177.19187881
124.00000000 0.00000000 -78.05103856 -73.72744617 0.00372159 -74.83703679 4.08220308 -202.68708401
125.00000000 0.00000000 -58.08389279 -55.27690548 0.00419313 -56.52708661 2.50724923 -152.19895483
126.00000000 0.00000000 -82.60326384 -78.18099418 0.00363626 -79.26514396 4.19251316 -970.87239975
127.00000000 0.00000000 -31.26594028 -29.21043518 0.00304773 -30.11911660 1.88324587 -182.95342877
128.00000000 0.00000000 -46.34269073 -44.00509936 0.00303063 -44.90868302 2.17822625 -627.05186510
129.00000000 0.00000000 0.00000000 0.00000000 0.00000000 0.00000000 0.00000000 0.00000000
130.00000000 0.00000000 -58.30825469 -55.23619112 0.00338234 -56.24463492 2.85761683 -376.05492686
131.00000000 0.00000000 -51.98360552 -49.19155933 0.00313482 -50.12620496 2.61678310 -1241.82773178
132.00000000 0.00000000 -81.78610438 -77.39066688 0.00406080 -78.60139395 4.11057679 -516.25188839
133.00000000 0.00000000 -82.46770845 -77.45156862 0.00388875 -78.61100070 4.75387793 -911.15074102
134.00000000 0.00000000 -53.38995130 -50.88044811 0.00316760 -51.82486941 2.32339940 -348.56650458
135.00000000 0.00000000 -71.35534253 -67.52164336 0.00352455 -68.57248940 3.62310207 -340.68999251
136.00000000 0.00000000 -51.80540526 -48.85997060 0.00311428 -49.78849351 2.77546289 -843.49742682
137.00000000 0.00000000 -45.69797740 -42.47866465 0.00290697 -43.34537629 3.06849071 0.00000000
138.00000000 0.00000000 -89.66444968 -84.56726549 0.00440760 -85.88139075 4.78544499 -512.98156249
139.00000000 0.00000000 -64.94448691 -61.36772967 0.00338309 -62.37639840 3.36925562 -350.81247740
140.00000000 0.00000000 -56.95237021 -53.78432097 0.00319008 -54.73544381 2.98869354 0.00000000
141.00000000 0.00000000 -59.20370429 -56.07868662 0.00373618 -57.19262950 2.88188439 -475.10185546
142.00000000 0.00000000 -66.88040987 -63.29342278 0.00320059 -64.24767806 3.40572206 -1587.57229452
143.00000000 0.00000000 -70.85641484 -66.98560860 0.00359702 -68.05805960 3.64723179 -519.59011566
144.00000000 0.00000000 -53.57828258 -50.52923710 0.00315731 -51.47059019 2.87796465 -269.31637168
145.00000000 0.00000000 -71.88992841 -67.90177940 0.00370460 -69.00630470 3.75153318 -268.23051877
146.00000000 0.00000000 -69.65125686 -65.67252926 0.00402066 -66.87128841 3.69869945 -1162.27865965
147.00000000 0.00000000 -64.78600237 -61.13780970 0.00334473 -62.13504162 3.44803324 -1001.36738522
148.00000000 0.00000000 -83.07004691 -78.05067445 0.00399387 -79.24144669 4.74308701 -993.12410721
149.00000000 0.00000000 -46.30535925 -43.56129928 0.00300966 -44.45862828 2.57862018 -1597.89321534
150.00000000 0.00000000 -81.52326322 -76.89631302 0.00388711 -78.05525518 4.36749269 -1009.89441410
151.00000000 0.00000000 -56.66508309 -53.25294256 0.00392477 -54.42311399 3.14556078 0.00000000
152.00000000 0.00000000 -32.87913612 -31.14829757 0.00329000 -32.12921138 1.53965045 -245.77639773
153.00000000 0.00000000 0.00000000 0.00000000 0.00000000 0.00000000 0.00000000 0.00000000
154.00000000 0.00000000 -98.98002830 -93.24944320 0.00381291 -94.38626230 5.47217814 -183.13341564
155.00000000 0.00000000 -72.32276854 -68.09732139 0.00323321 -69.06130394 4.04246029 -887.06708054
156.00000000 0.00000000 -70.95254189 -66.75815404 0.00355359 -67.81765711 3.96669957 -710.44978096
157.00000000 0.00000000 -89.20815994 -84.12150129 0.00389469 -85.28270198 4.82121017 -743.40583307
158.00000000 0.00000000 -59.74590647 -56.62816984 0.00356674 -57.69159233 2.88935912 -521.86863481
159.00000000 0.00000000 -58.13773231 -54.86000628 0.00302990 -55.76337183 3.13092558 -1299.83923096
160.00000000 0.00000000 0.00000000 0.00000000 0.00000000 0.00000000 0.00000000 0.00000000
161.00000000 0.00000000 -70.38884687 -66.61032408 0.00370091 -67.71374987 3.53988948 -574.64462362
162.00000000 0.00000000 -40.16475608 -38.04393989 0.00284201 -38.89128489 1.98182319 -277.62868557
163.00000000 0.00000000 -67.80692107 -64.18715384 0.00313471 -65.12176662 3.45209437 -844.28264813
164.00000000 0.00000000 -68.74664094 -64.62264548 0.00363055 -65.70509248 3.88547361 -578.59657239
165.00000000 0.00000000 -70.80795566 -67.03972738 0.00396220 -68.22105646 3.49203759 -1045.70829340
166.00000000 0.00000000 -69.52694044 -65.15013399 0.00388875 -66.30956536 4.12133193 -863.72822175
167.00000000 0.00000000 0.00000000 0.00000000 0.00000000 0.00000000 0.00000000 0.00000000
168.00000000 0.00000000 -52.26001217 -49.17362682 0.00300053 -50.06823353 2.93494286 -362.14277946
169.00000000 0.00000000 -59.12014099 -55.51001769 0.00338803 -56.52015812 3.40264433 -204.03091457
170.00000000 0.00000000 -83.66579035 -78.86162827 0.00387577 -80.01719024 4.53833690 -424.54114087
171.00000000 0.00000000 -70.29576208 -66.15901660 0.00345629 -67.18950937 3.93143898 -641.38468658
172.00000000 0.00000000 -51.55560246 -48.39393056 0.00295340 -49.27448763 3.01905936 -1213.13781430
173.00000000 0.00000000 -96.24514659 -90.78557769 0.00419664 -92.03680592 5.15939351 -826.56659022
174.00000000 0.00000000 -32.63098877 -30.98129282 0.00323661 -31.94628866 1.47540459 -318.81034092
175.00000000 0.00000000 -66.83599924 -62.99856391 0.00324221 -63.96522972 3.65299933 -443.05990289
176.00000000 0.00000000 -53.34193103 -50.48676771 0.00310844 -51.41354881 2.68380628 -189.47284487
177.00000000 0.00000000 -71.09667694 -67.11855349 0.00362463 -68.19923780 3.73235432 -845.10613262
178.00000000 0.00000000 -72.84733094 -68.43255206 0.00330120 -69.41680407 4.22148847 -456.07401583
179.00000000 0.00000000 -38.01660540 -35.69034135 0.00274398 -36.50845937 2.20551770 -1154.96544310
180.00000000 0.00000000 -51.57330146 -48.37527041 0.00295235 -49.25551462 3.05609115 -1233.72704777
181.00000000 0.00000000 -70.73176846 -67.01630237 0.00362150 -68.09605184 3.49274882 -287.99174457
182.00000000 0.00000000 -95.49802040 -90.02532042 0.00430761 -91.30963479 5.16541185 -178.35806617
183.00000000 0.00000000 -82.27939547 -77.79006793 0.00391793 -78.95820017 4.22554425 -443.21189258
184.00000000 0.00000000 -63.41914817 -59.76323508 0.00350636 -60.80865745 3.43885753 -703.28480405
185.00000000 0.00000000 -60.21562956 -56.44037633 0.00293446 -57.31528675 3.62520110 -1261.10857312
186.00000000 0.00000000 -69.37558768 -65.28759646 0.00382884 -66.42916586 3.82821132 -1136.52715319
187.00000000 0.00000000 -72.20163716 -68.26236572 0.00402373 -69.46204030 3.66340223 -497.55333739
188.00000000 0.00000000 -58.99504164 -55.98199343 0.00354636 -57.03933993 2.79998872 -797.19685906
189.00000000 0.00000000 -39.56371659 -37.21412649 0.00294859 -38.09324731 2.19910600 -289.42081388
190.00000000 0.00000000 -58.07335207 -54.93730127 0.00343192 -55.96052844 2.93640689 -138.54087685
191.00000000 0.00000000 -94.65204029 -89.00121364 0.00412944 -90.23240659 5.35607764 -833.57336078
192.00000000 0.00000000 -72.32288951 -68.09746494 0.00323321 -69.06144790 4.04243768 -887.17815504
193.00000000 0.00000000 -95.54210146 -89.69957922 0.00414101 -90.93422196 5.55236202 -887.60082006
194.00000000 0.00000000 -31.86290285 -30.26904929 0.00276343 -31.09296711 1.46385981 -686.10244129
195.00000000 0.00000000 -60.04461138 -56.36601106 0.00313901 -57.30190669 3.50250571 -186.73228011
196.00000000 0.00000000 -69.85130883 -66.44048401 0.00373492 -67.55405036 3.16829791 -404.28731668
197.00000000 0.00000000 -70.51655651 -66.65723224 0.00355680 -67.71769075 3.63853594 -364.87835170
198.00000000 0.00000000 -84.15956518 -79.06809799 0.00400630 -80.26257713 4.82533950 -295.88529145
199.00000000 0.00000000 -43.66200576 -41.51236411 0.00328314 -42.49123148 1.95837363 -591.83421864
200.00000000 0.00000000 -81.65871195 -76.82515795 0.00387737 -77.98119632 4.56865793 -1143.39114608
201.00000000 0.00000000 -69.93392891 -65.56607842 0.00364271 -66.65215332 4.13990430 -952.61515431
202.00000000 0.00000000 -58.67521406 -55.54798034 0.00321044 -56.50517325 2.93590437 -1092.81292740
203.00000000 0.00000000 -57.21952376 -54.18859081 0.00335966 -55.19027480 2.83687368 -638.54448564
204.00000000 0.00000000 -78.02330388 -73.69958751 0.00356227 -74.76167757 4.10012892 -276.62798326
205.00000000 0.00000000 -58.31301461 -55.32352319 0.00333201 -56.31696276 2.79826669 -348.99514929
206.00000000 0.00000000 -57.75061424 -54.37173850 0.00346832 -55.40581763 3.15624105 -304.68338244
207.00000000 0.00000000 -69.80447943 -65.58787087 0.00394878 -66.76519817 3.94594848 -46.10814025
208.00000000 0.00000000 -57.81840505 -54.73997369 0.00363006 -55.82227569 2.85524744 -479.96083745
209.00000000 0.00000000 -68.74695824 -64.99685830 0.00360949 -66.07302918 3.52389571 -611.86702953
210.00000000 0.00000000 -47.14322446 -44.55889202 0.00350306 -45.60332961 2.37994753 -263.87488050
211.00000000 0.00000000 -94.41557290 -88.77444387 0.00417873 -90.02033236 5.34153651 -1348.25539537
212.00000000 0.00000000 -51.41306483 -48.54901058 0.00309684 -49.47233350 2.69637346 -112.13999313
213.00000000 0.00000000 -77.75479312 -73.50265445 0.00337451 -74.50876600 4.05575565 -616.25403234
214.00000000 0.00000000 -69.41065988 -65.64943732 0.00330577 -66.63505288 3.57766429 -640.74202895
215.00000000 0.00000000 -73.09654976 -68.76538566 0.00342888 -69.78770500 4.11751542 -196.24766930
216.00000000 0.00000000 -52.26020914 -49.17383452 0.00300055 -50.06844842 2.93492985 -362.11273842
217.00000000 0.00000000 -58.30827432 -55.23627955 0.00338283 -56.24486916 2.85748664 -376.51181036
218.00000000 0.00000000 -71.82055928 -67.96839411 0.00366260 -69.06039743 3.61837833 -355.73762942
219.00000000 0.00000000 -69.20233885 -65.56954131 0.00357809 -66.63634741 3.41053145 -1192.37487641
220.00000000 0.00000000 -63.72766390 -60.24393169 0.00349101 -61.28477526 3.26586147 -310.45480685
221.00000000 0.00000000 -94.69313261 -88.98640090 0.00413041 -90.21788129 5.41336979 -980.10732645
222.00000000 0.00000000 -46.02872983 -43.27786792 0.00299045 -44.16947023 2.58879700 -960.03073639
223.00000000 0.00000000 -71.39568822 -67.62691716 0.00369331 -68.72807755 3.53962062 -135.50591421
224.00000000 0.00000000 -63.91429023 -60.38339943 0.00397424 -61.56831840 3.26501797 -339.67095910
225.00000000 0.00000000 -54.96584786 -51.62537735 0.00321206 -52.58305193 3.15905542 0.00000000
226.00000000 0.00000000 -86.31757562 -81.26267628 0.00367821 -82.35933420 4.82115343 -628.65697503
227.00000000 0.00000000 -40.42733378 -38.24065361 0.00287440 -39.09765466 2.03591060 0.00000000
228.00000000 0.00000000 -53.28711824 -50.55104019 0.00326586 -51.52475591 2.53682434 -362.90398633
229.00000000 0.00000000 -45.58558447 -43.19151839 0.00311708 -44.12087557 2.23103411 -364.56545863
230.00000000 0.00000000 -63.51142281 -59.82981840 0.00321589 -60.78863675 3.50057716 -755.49686314
231.00000000 0.00000000 -96.79237890 -91.01464338 0.00417024 -92.25799994 5.47262368 -375.79118848
232.00000000 0.00000000 -84.21680338 -79.74332390 0.00376404 -80.86557097 4.23165298 -132.46795849
233.00000000 0.00000000 -51.29552112 -48.42429742 0.00313605 -49.35931207 2.69826690 -619.81072337
234.00000000 0.00000000 -83.72831442 -78.76413356 0.00367730 -79.86052101 4.72735119 -1045.21392001
235.00000000 0.00000000 -71.95240806 -67.61561724 0.00337733 -68.62256758 4.13276312 -701.67395836
236.00000000 0.00000000 -83.23170585 -78.72537498 0.00401819 -79.92339808 4.22974862 -550.86515464
237.00000000 0.00000000 0.00000000 0.00000000 0.00000000 0.00000000 0.00000000 0.00000000
238.00000000 0.00000000 -69.61536145 -65.83079739 0.00411978 -67.05910960 3.48391523 -510.01990126
239.00000000 0.00000000 -65.51801702 -62.10742899 0.00346840 -63.14153272 3.18719477 -415.72949609
240.00000000 0.00000000 -40.23490728 -38.15931852 0.00300361 -39.05484609 1.91049706 -71.16867580
241.00000000 0.00000000 -31.91460381 -30.30931876 0.00294793 -31.18824275 1.45794967 -604.35225064
242.00000000 0.00000000 -32.99587079 -31.11159847 0.00272418 -31.92381344 1.74813353 -373.87939120
243.00000000 0.00000000 -82.00476148 -77.02810681 0.00429339 -78.30818061 4.66374080 -466.19737069
244.00000000 0.00000000 -87.19741724 -81.89062229 0.00391592 -83.05815280 5.04568229 -780.26179956
245.00000000 0.00000000 -64.41824244 -60.68946680 0.00334375 -61.68640620 3.52800222 -193.65116387
246.00000000 0.00000000 -72.32249305 -68.09699683 0.00323321 -69.06097888 4.04250918 -886.81104568
247.00000000 0.00000000 -68.62633863 -64.42901616 0.00346694 -65.46268339 3.98733750 -973.03438823
248.00000000 0.00000000 -82.25014523 -77.90014348 0.00441615 -79.21681961 4.02663218 -176.37927642
249.00000000 0.00000000 -81.70114310 -77.25304838 0.00413263 -78.48519267 4.16214295 -1136.01185378
250.00000000 0.00000000 -84.78282190 -79.75267749 0.00359116 -80.82338230 4.79829542 -706.07717616
251.00000000 0.00000000 -74.33354112 -69.84140885 0.00337419 -70.84742448 4.28790781 0.00000000
252.00000000 0.00000000 -81.53049295 -77.24235693 0.00425419 -78.51074256 3.97759109 -726.36678420
253.00000000 0.00000000 0.00000000 0.00000000 0.00000000 0.00000000 0.00000000 0.00000000
254.00000000 0.00000000 -99.53198131 -93.64573817 0.00390451 -94.80986765 5.62170011 -273.35002910
255.00000000 0.00000000 -65.16948819 -61.57108960 0.00347090 -62.60593740 3.38513266 -1031.00353064
256.00000000 0.00000000 0.00000000 0.00000000 0.00000000 0.00000000 0.00000000 0.00000000
257.00000000 0.00000000 -72.10778098 -67.86780350 0.00328786 -68.84807913 4.04727308 -1033.88519295
258.00000000 0.00000000 -68.25788314 -64.00164396 0.00345016 -65.03031037 4.05046149 -1164.69223671
259.00000000 0.00000000 -65.72187501 -62.47119190 0.00342317 -63.49181095 3.03456248 -250.31085205
260.00000000 0.00000000 -57.43860698 -53.95370023 0.00325860 -54.92525308 3.29824686 -520.80766584
261.00000000 0.00000000 -95.17913448 -89.65181879 0.00437027 -90.95481426 5.19933682 -1124.65483535
262.00000000 0.00000000 -71.35709806 -67.52303313 0.00352454 -68.57387358 3.62347307 -340.06090094
263.00000000 0.00000000 -74.42526189 -69.86345716 0.00355446 -70.92322058 4.34510805 -631.18263075
264.00000000 0.00000000 -55.90731043 -52.55544014 0.00342147 -53.57555075 3.13802838 -769.42107639
