0.00000000 0.00000000 -64.48794344 -60.58851262 0.00318453 -61.53798005 3.72736772 -1311.84314302
1.00000000 0.00000000 -37.92661046 -35.87488571 0.00291569 -36.74419980 1.90244503 -307.48683876
2.00000000 0.00000000 -72.73043725 -68.68695166 0.00416584 -69.92899761 3.75262848 -179.38179631
3.00000000 0.00000000 0.00000000 0.00000000 0.00000000 0.00000000 0.00000000 0.00000000
4.00000000 0.00000000 -63.94245369 -60.49269091 0.00328303 -61.47152520 3.25796542 -748.54910487
5.00000000 0.00000000 -59.58508353 -56.16098089 0.00355986 -57.22235241 3.19915889 0.00000000
6.00000000 0.00000000 -66.18882674 -62.68249649 0.00332843 -63.67486852 3.30868185 -636.82136664
7.00000000 0.00000000 -94.20161681 -88.36709051 0.00406157 -89.57804863 5.55505872 -1200.02640155
8.00000000 0.00000000 -69.35136548 -65.14292899 0.00399145 -66.33297961 3.93112946 -546.68125037
9.00000000 0.00000000 -65.23944684 -61.61318946 0.00353471 -62.66706462 3.40610378 -132.36988171
10.00000000 0.00000000 -41.23702832 -38.90307775 0.00288193 -39.76232451 2.18822984 -339.41381376
11.00000000 0.00000000 -57.70465290 -54.78106703 0.00325218 -55.75070590 2.73677076 -373.70243752
12.00000000 0.00000000 -45.63507170 -43.42700775 0.00326047 -44.39911788 2.01733003 -386.80654381
13.00000000 0.00000000 -50.57138275 -47.67626970 0.00321599 -48.63511638 2.70797625 -530.09626089
14.00000000 0.00000000 -55.75834800 -52.28104807 0.00317363 -53.22726699 3.29994094 -1246.20148322
15.00000000 0.00000000 -52.32709165 -49.39461713 0.00316766 -50.33905397 2.75502149 -151.67199834
16.00000000 0.00000000 -69.24569751 -65.48568453 0.00402923 -66.68699837 3.48000134 -734.31305664
17.00000000 0.00000000 -65.85956317 -62.14255114 0.00348754 -63.18236151 3.50764653 -547.67157496
18.00000000 0.00000000 -83.70789842 -79.07589113 0.00413789 -80.30960312 4.34693335 -507.03000589
19.00000000 0.00000000 0.00000000 0.00000000 0.00000000 0.00000000 0.00000000 0.00000000
20.00000000 0.00000000 -81.43717954 -76.46855247 0.00368601 -77.56753775 4.72933640 -997.10689809
21.00000000 0.00000000 -94.56691381 -89.01159750 0.00427711 -90.28681637 5.24609435 -1212.18718639
22.00000000 0.00000000 -58.66863373 -55.31653470 0.00315587 -56.25745602 3.17295419 -1130.39419452
23.00000000 0.00000000 -62.57552658 -59.38589474 0.00360506 -60.46074317 2.96737057 -128.83217412
24.00000000 0.00000000 -63.15739645 -59.92861968 0.00362749 -61.01015676 2.98455628 -803.23151067
25.00000000 0.00000000 -89.70215289 -84.75237492 0.00412329 -85.98173477 4.65414781 -437.20928578
26.00000000 0.00000000 -81.49099495 -76.62755122 0.00356790 -77.69131996 4.64143399 -1304.32091373
27.00000000 0.00000000 -94.42921746 -88.75116159 0.00411510 -89.97807956 5.38688107 -942.72926120
28.00000000 0.00000000 -85.27624780 -80.25527200 0.00372841 -81.36689784 4.77491454 -559.79538700
29.00000000 0.00000000 -69.75175205 -66.12953129 0.00372633 -67.24053556 3.38012396 -1767.22481257
30.00000000 0.00000000 -94.99698289 -89.48591006 0.00495033 -90.96184971 5.12050925 -58.44615875
31.00000000 0.00000000 -83.60840999 -79.07309341 0.00399132 -80.26310610 4.26130537 -142.30855226
32.00000000 0.00000000 0.00000000 0.00000000 0.00000000 0.00000000 0.00000000 0.00000000
33.00000000 0.00000000 -76.52327177 -72.32648884 0.00390124 -73.48964249 3.92851173 -329.63241523
34.00000000 0.00000000 -32.23167870 -30.64387898 0.00300482 -31.53976534 1.42234052 0.00000000
35.00000000 0.00000000 -45.44294686 -43.04949012 0.00307543 -43.96642866 2.23378577 -141.58944790
36.00000000 0.00000000 0.00000000 0.00000000 0.00000000 0.00000000 0.00000000 0.00000000
37.00000000 0.00000000 -46.02767297 -43.27759915 0.00299085 -44.16932200 2.58793177 -959.57257263
38.00000000 0.00000000 -68.88697395 -65.19590454 0.00380832 -66.33135464 3.44077489 -525.78555370
39.00000000 0.00000000 0.00000000 0.00000000 0.00000000 0.00000000 0.00000000 0.00000000
40.00000000 0.00000000 -83.92211654 -79.29837652 0.00409243 -80.51853320 4.34571100 -610.25850703
41.00000000 0.00000000 -96.64574252 -90.88288015 0.00427663 -92.15795725 5.45794266 -177.40272337
42.00000000 0.00000000 -56.70037110 -53.79087330 0.00356164 -54.85277597 2.69005306 -93.82180117
43.00000000 0.00000000 -70.91886986 -66.62816789 0.00355057 -67.68676888 4.06757539 -179.76173587
44.00000000 0.00000000 -83.98524159 -79.43821923 0.00385181 -80.58663740 4.29393949 -117.97629591
45.00000000 0.00000000 -38.62127208 -36.47439828 0.00288068 -37.33327409 2.00357932 -586.98243963
46.00000000 0.00000000 -72.84729136 -68.43254121 0.00330117 -69.41678620 4.22146198 -456.09312739
47.00000000 0.00000000 -69.17392679 -65.34453701 0.00354983 -66.40291885 3.60578622 -513.99295723
48.00000000 0.00000000 -74.08421680 -70.04925222 0.00374617 -71.16617214 3.79553737 -184.60940207
49.00000000 0.00000000 -98.08835198 -92.45147726 0.00438031 -93.75746624 5.30913237 0.00000000
50.00000000 0.00000000 -58.66697244 -55.31499767 0.00315585 -56.25591478 3.17282580 -1132.07453174
51.00000000 0.00000000 -94.29715027 -88.70003233 0.00383548 -89.84357969 5.34127016 -1230.12827264
52.00000000 0.00000000 -70.89430385 -66.98550233 0.00383284 -68.12826241 3.66141086 -508.64859778
53.00000000 0.00000000 -53.66378539 -50.81440170 0.00327524 -51.79091484 2.65229947 0.00000000
54.00000000 0.00000000 -94.19921806 -88.73282068 0.00393601 -89.90634335 5.19431903 -869.27109500
55.00000000 0.00000000 -94.54173387 -88.83552192 0.00402315 -90.03502435 5.42519712 -707.94113068
56.00000000 0.00000000 -58.42667243 -55.30838164 0.00341901 -56.32775922 2.92041003 -362.86560903
57.00000000 0.00000000 -82.03136114 -77.19215303 0.00458580 -78.55940798 4.49509504 -34.37580884
58.00000000 0.00000000 -57.88066543 -54.77469163 0.00388094 -55.93179274 2.84201876 -570.98843708
59.00000000 0.00000000 -38.72800689 -36.49318123 0.00289551 -37.35647669 2.08879984 -724.82575249
60.00000000 0.00000000 -44.89029708 -42.60406078 0.00314885 -43.54288912 2.11380871 -584.39889722
61.00000000 0.00000000 -63.52668249 -59.87903594 0.00333820 -60.87432034 3.45121159 -919.11467512
62.00000000 0.00000000 -39.13863813 -37.06798632 0.00296157 -37.95097820 1.90976651 -427.19378374
63.00000000 0.00000000 -59.44055945 -56.18453238 0.00307980 -57.10277548 3.09827695 -194.67312659
64.00000000 0.00000000 -51.16067736 -48.29797061 0.00331032 -49.28494253 2.66629815 -627.55521006
65.00000000 0.00000000 -46.04823072 -43.26631776 0.00300481 -44.16220087 2.61718611 -1000.88229918
66.00000000 0.00000000 -46.30539025 -43.56132511 0.00300965 -44.45865292 2.57862607 -1597.89066480
67.00000000 0.00000000 -94.03035150 -88.51876751 0.00408932 -89.73799857 5.21914615 -888.99934627
68.00000000 0.00000000 -98.40965731 -92.64008322 0.00384532 -93.78656461 5.50733167 -643.60910327
69.00000000 0.00000000 -68.75889768 -65.14885605 0.00430113 -66.43123769 3.30810336 -67.82572195
70.00000000 0.00000000 -94.95471294 -89.42287880 0.00411253 -90.64903009 5.23461880 -1439.30386164
71.00000000 0.00000000 -41.56523717 -39.24036656 0.00282161 -40.08162917 2.18812153 -578.49209965
72.00000000 0.00000000 -71.40449392 -67.10161262 0.00345906 -68.13293275 4.09526780 -284.44377684
73.00000000 0.00000000 -93.79478574 -88.01175611 0.00432179 -89.30029916 5.47766506 -401.24744721
74.00000000 0.00000000 -60.56097518 -56.94740662 0.00332477 -57.93868824 3.41582550 -239.63254631
75.00000000 0.00000000 -58.74666347 -55.52786730 0.00334135 -56.52409216 3.02639893 -287.65040991
76.00000000 0.00000000 -84.33993425 -79.27531901 0.00367486 -80.37097815 4.82402317 -1021.95754986
77.00000000 0.00000000 -56.25763383 -53.19174524 0.00333348 -54.18562217 2.86800862 -680.26156866
78.00000000 0.00000000 -68.96979781 -65.24375354 0.00359107 -66.31442968 3.50294123 -829.80988537
79.00000000 0.00000000 -44.63956629 -42.31740529 0.00307183 -43.23327011 2.15428804 0.00000000
80.00000000 0.00000000 -57.52016690 -54.42503174 0.00355531 -55.48504636 2.87212467 -596.05622700
81.00000000 0.00000000 -82.61927595 -77.65822501 0.00407001 -78.87169722 4.67612342 -108.78517805
82.00000000 0.00000000 -81.58470447 -76.88017033 0.00481184 -78.31481989 4.34728266 0.00000000
83.00000000 0.00000000 -72.32255802 -68.09707390 0.00323321 -69.06105603 4.04249714 -886.87231455
84.00000000 0.00000000 -67.28651223 -63.58176383 0.00351508 -64.62978545 3.48111368 -317.89007344
85.00000000 0.00000000 -44.98694006 -42.65102727 0.00296137 -43.53395965 2.18887393 -810.42607147
86.00000000 0.00000000 -94.05832331 -88.59487925 0.00428122 -89.87132466 5.14948889 -616.26104447
87.00000000 0.00000000 -39.52301619 -37.28925259 0.00298899 -38.18041979 2.07273131 -426.53228057
88.00000000 0.00000000 -74.85434282 -70.38320206 0.00322543 -71.34486268 4.29046580 -483.24596784
89.00000000 0.00000000 -28.28598380 -26.71548060 0.00282560 -27.55793194 1.42830085 -461.94591613
90.00000000 0.00000000 -46.05037974 -43.26715153 0.00300428 -44.16287716 2.61861353 -1002.51321884
91.00000000 0.00000000 -68.47075769 -64.14447914 0.00352859 -65.19652809 4.10662108 -1030.61770315
92.00000000 0.00000000 -46.14606729 -43.88889553 0.00312344 -44.82014876 2.08349971 -1115.69796616
93.00000000 0.00000000 -83.34385703 -78.76428432 0.00393504 -79.93751519 4.31353343 -358.61023374
94.00000000 0.00000000 -68.68974639 -65.07068799 0.00377743 -66.19692878 3.36962895 -684.11639978
95.00000000 0.00000000 -82.67324293 -78.17614306 0.00388948 -79.33579275 4.24333755 -532.03186084
96.00000000 0.00000000 -44.09784707 -41.67330315 0.00299095 -42.56505549 2.27669694 -386.33083567
97.00000000 0.00000000 -98.24306132 -92.47131434 0.00373123 -93.58378167 5.53068334 -542.23902709
98.00000000 0.00000000 -94.19644713 -88.47243747 0.00415395 -89.71093796 5.42527553 -753.39818175
99.00000000 0.00000000 -84.07604168 -79.04583363 0.00385993 -80.19667156 4.76594166 -927.93262771
100.00000000 0.00000000 -44.97574020 -42.68812159 0.00319368 -43.64031773 2.11444477 -302.39506656
101.00000000 0.00000000 -32.34286696 -30.79556199 0.00359339 -31.86693112 1.32812302 -1188.97984942
102.00000000 0.00000000 -58.66629426 -55.31444189 0.00315562 -56.25528958 3.17272800 -1131.61545563
103.00000000 0.00000000 -58.68683298 -55.56684653 0.00367569 -56.66275274 2.88811213 -428.44925525
104.00000000 0.00000000 -81.69620168 -76.78017936 0.00397511 -77.96535748 4.63779956 -1022.91952340
105.00000000 0.00000000 -96.46707020 -90.92026871 0.00413947 -92.15445305 5.24680684 -427.51659196
106.00000000 0.00000000 -55.41825079 -52.31887399 0.00336597 -53.32243767 2.90502243 -1085.25412975
107.00000000 0.00000000 -70.65523572 -66.65432114 0.00363451 -67.73795044 3.77883057 -1137.02247492
108.00000000 0.00000000 -55.12761167 -51.89577199 0.00342455 -52.91680299 3.02922104 -217.08940483
109.00000000 0.00000000 -65.29235924 -61.32370777 0.00303103 -62.22740903 3.81970207 -1348.58304564
110.00000000 0.00000000 -81.43914064 -76.89718701 0.00387420 -78.05227950 4.28907163 -981.12976681
111.00000000 0.00000000 -73.09646378 -68.76566052 0.00342924 -69.78808738 4.11710616 -196.34249512
112.00000000 0.00000000 -70.49548124 -66.66912290 0.00383191 -67.81160818 3.55688705 -115.66639087
113.00000000 0.00000000 -90.88844480 -85.82362639 0.00404944 -87.03096794 4.77812892 -117.82874378
114.00000000 0.00000000 -94.37484267 -88.67357189 0.00410607 -89.89779539 5.41099573 -859.31461294
115.00000000 0.00000000 -63.81912227 -60.03232309 0.00328670 -61.01225324 3.59668778 -481.92600199
116.00000000 0.00000000 -83.86788007 -79.30412107 0.00425716 -80.57339284 4.25978666 -141.26594176
117.00000000 0.00000000 -34.22466865 -32.19930156 0.00283221 -33.04372463 1.87461412 0.00000000
118.00000000 0.00000000 -68.81136014 -65.09465392 0.00363551 -66.17858145 3.48489662 -1273.92177048
119.00000000 0.00000000 -37.85529958 -35.98735878 0.00289570 -36.85071116 1.72229073 -379.44761199
120.00000000 0.00000000 -47.05377888 -43.87863015 0.00301554 -44.77771399 3.01204199 0.00000000
121.00000000 0.00000000 -46.02486420 -43.27673426 0.00299146 -44.16863747 2.58584197 -958.17459688
122.00000000 0.00000000 -96.67103627 -90.92205586 0.00391579 -92.08954826 5.48134330 -812.76390502
123.00000000 0.00000000 -81.42026096 -76.59448859 0.00420876 -77.84933128 4.51977645 -193.24769168
124.00000000 0.00000000 -78.68310637 -74.23234899 0.00376297 -75.35427902 4.20742705 -550.18980368
125.00000000 0.00000000 -58.07914718 -55.28597455 0.00405490 -56.49494250 2.50053226 -122.29366302
126.00000000 0.00000000 -82.02923546 -77.50716134 0.00388400 -78.66517555 4.25782230 -519.34891472
127.00000000 0.00000000 -31.36670330 -29.32529807 0.00301144 -30.22315937 1.87173610 -817.98547293
128.00000000 0.00000000 -46.33269719 -43.94974786 0.00310270 -44.87481707 2.21587014 -609.66915324
129.00000000 0.00000000 0.00000000 0.00000000 0.00000000 0.00000000 0.00000000 0.00000000
130.00000000 0.00000000 -58.66863690 -55.31654129 0.00315587 -56.25746534 3.17294946 -1130.40551368
131.00000000 0.00000000 -51.62471371 -48.98313450 0.00333753 -49.97821939 2.43589668 -468.82749653
132.00000000 0.00000000 -81.84298306 -77.40959244 0.00398411 -78.59745611 4.15619216 -829.20137945
133.00000000 0.00000000 -82.49678781 -77.46717556 0.00397351 -78.65187898 4.75965822 -980.98109283
134.00000000 0.00000000 -53.76529299 -51.04747198 0.00307414 -51.96402534 2.54752921 -1231.66209318
135.00000000 0.00000000 -71.17044890 -67.33811554 0.00374776 -68.45551145 3.59455471 -121.95703225
136.00000000 0.00000000 -51.36082504 -48.60792263 0.00304345 -49.51532758 2.59308321 -330.79185635
137.00000000 0.00000000 -47.44178096 -44.38503426 0.00278614 -45.21572173 2.92894840 -577.80979823
138.00000000 0.00000000 -89.68374757 -84.55485074 0.00439118 -85.86408111 4.81787585 -534.01404038
139.00000000 0.00000000 -64.64889384 -61.02972025 0.00318279 -61.97866920 3.44803669 -503.01036672
140.00000000 0.00000000 -59.15376815 -55.92241013 0.00311359 -56.85072603 3.06970148 -742.26264690
141.00000000 0.00000000 -59.20915456 -56.03191430 0.00383627 -57.17569830 2.91579828 -99.37567220
142.00000000 0.00000000 -66.35807011 -63.23768256 0.00345360 -64.26737425 2.89184427 -151.83859057
143.00000000 0.00000000 -70.87593723 -66.99583223 0.00362915 -68.07786397 3.65403630 -593.71832927
144.00000000 0.00000000 -53.30494817 -50.22029083 0.00321189 -51.17791559 2.90524890 -195.91895959
145.00000000 0.00000000 -71.53097953 -67.52468940 0.00398749 -68.71356011 3.73266600 -351.93925107
146.00000000 0.00000000 -69.53825783 -65.36129992 0.00421503 -66.61801182 3.88133508 0.00000000
147.00000000 0.00000000 -64.33981151 -60.81247676 0.00326875 -61.78705466 3.34033929 -136.68787848
148.00000000 0.00000000 -82.57343961 -77.79503681 0.00389650 -78.95677810 4.51530560 -276.94356364
149.00000000 0.00000000 -45.90596397 -43.22831669 0.00299802 -44.12217568 2.51478033 -650.87182392
150.00000000 0.00000000 -81.52312226 -76.91783657 0.00388897 -78.07733204 4.34387932 -1147.94820703
151.00000000 0.00000000 -57.09720731 -53.73102991 0.00346611 -54.76445041 3.15213884 -1059.40214960
152.00000000 0.00000000 -32.92503913 -31.23600880 0.00326362 -32.20905797 1.50083731 -286.63100691
153.00000000 0.00000000 0.00000000 0.00000000 0.00000000 0.00000000 0.00000000 0.00000000
154.00000000 0.00000000 -97.78328291 -92.03205466 0.00377188 -93.15664142 5.49629775 -432.42957824
155.00000000 0.00000000 -72.10743463 -67.86745114 0.00328785 -68.84772408 4.04728091 -1033.93175543
156.00000000 0.00000000 -71.25874830 -67.12545818 0.00360166 -68.19929346 3.90003141 -1276.28561328
157.00000000 0.00000000 -88.91616436 -83.80171501 0.00377254 -84.92649891 4.87226921 -840.07265610
158.00000000 0.00000000 -60.35795599 -57.26582572 0.00344265 -58.29225239 2.88563116 -1188.58087239
159.00000000 0.00000000 -58.13762985 -54.85990655 0.00302986 -55.76326050 3.13093030 -1299.68354044
160.00000000 0.00000000 0.00000000 0.00000000 0.00000000 0.00000000 0.00000000 0.00000000
161.00000000 0.00000000 -70.26072643 -66.53231147 0.00363422 -67.61585533 3.50160494 -218.21779138
162.00000000 0.00000000 -40.57061345 -38.36394968 0.00280373 -39.19988114 2.07221763 -1063.10545044
163.00000000 0.00000000 -67.80650526 -64.18675960 0.00313470 -65.12137121 3.45207327 -844.50488576
164.00000000 0.00000000 -68.76215066 -64.58770409 0.00353915 -65.64290150 3.95381183 -687.74822404
165.00000000 0.00000000 -70.75121260 -66.93200725 0.00418204 -68.17888283 3.51734988 -582.63457840
166.00000000 0.00000000 -69.53275718 -65.14368001 0.00387613 -66.29934842 4.13420925 -893.86827615
167.00000000 0.00000000 0.00000000 0.00000000 0.00000000 0.00000000 0.00000000 0.00000000
168.00000000 0.00000000 -52.08236391 -49.03551521 0.00307053 -49.95099464 2.88434949 -178.40199685
169.00000000 0.00000000 -59.14577594 -55.50064574 0.00339073 -56.51159043 3.43896654 -433.65897800
170.00000000 0.00000000 -84.22961657 -79.25620060 0.00373262 -80.36907989 4.73353193 -439.03564902
171.00000000 0.00000000 -69.66530214 -65.44242995 0.00364473 -66.52910543 3.98979867 -681.64650484
172.00000000 0.00000000 -51.57339428 -48.37535568 0.00295242 -49.25562095 3.05609046 -1233.95445870
173.00000000 0.00000000 -95.59946922 -89.96902100 0.00431730 -91.25622517 5.31796544 -628.64295140
174.00000000 0.00000000 -32.64253266 -31.04947028 0.00315608 -31.99045442 1.42019574 -489.47107941
175.00000000 0.00000000 -66.64659028 -62.93487272 0.00327608 -63.91163674 3.52103036 -313.88757798
176.00000000 0.00000000 -53.33332763 -50.45774381 0.00310509 -51.38352754 2.70587629 -58.64655825
177.00000000 0.00000000 -71.04372308 -67.02117371 0.00377080 -68.14543682 3.76111868 -776.48827775
178.00000000 0.00000000 -73.09655465 -68.76571795 0.00342924 -69.78814610 4.11713997 -196.33986340
179.00000000 0.00000000 -38.01657221 -35.69035559 0.00274398 -36.50847357 2.20547022 -1154.90433950
180.00000000 0.00000000 -51.55561059 -48.39397183 0.00295337 -49.27451799 3.01902975 -1213.22473938
181.00000000 0.00000000 -70.64832259 -66.73968858 0.00377033 -67.86381269 3.66738806 -563.66697446
182.00000000 0.00000000 -95.97160507 -90.21338592 0.00438183 -91.51982978 5.43921453 -972.37307644
183.00000000 0.00000000 -82.83614179 -78.36055532 0.00385226 -79.50910523 4.21847715 -908.23849709
184.00000000 0.00000000 -63.58162761 -60.10981400 0.00358523 -61.17875126 3.24421665 -1355.89735065
185.00000000 0.00000000 -60.28477663 -56.47269537 0.00293282 -57.34711598 3.66293979 -1270.30978105
186.00000000 0.00000000 -69.09910430 -65.09184792 0.00407854 -66.30786584 3.71944036 -112.04219699
187.00000000 0.00000000 -72.23534027 -68.32738472 0.00400074 -69.52020567 3.63092827 -589.95559594
188.00000000 0.00000000 -59.06795205 -56.05645763 0.00374830 -57.17401300 2.76546222 -1459.62479248
189.00000000 0.00000000 -38.44451338 -36.23138161 0.00298195 -37.12044949 2.05920854 -408.71290805
190.00000000 0.00000000 -57.63076319 -54.51622012 0.00342978 -55.53880905 2.91148833 -459.20717349
191.00000000 0.00000000 -94.56714210 -88.94769858 0.00410409 -90.17133199 5.33110612 -887.38220350
192.00000000 0.00000000 -72.10719942 -67.86721270 0.00328785 -68.84748382 4.04728534 -1033.95032772
193.00000000 0.00000000 -95.53739367 -89.68327854 0.00443109 -91.00440865 5.53879169 -885.43131978
194.00000000 0.00000000 -31.80201601 -30.18047022 0.00286729 -31.03535391 1.47659632 0.00000000
195.00000000 0.00000000 -59.62774667 -55.94303633 0.00307381 -56.85949413 3.52005106 -462.14657719
196.00000000 0.00000000 -70.10207512 -66.37785624 0.00369867 -67.48061460 3.48963077 -587.48402744
197.00000000 0.00000000 -70.74945620 -66.88771803 0.00355353 -67.94720395 3.64288376 -331.35549114
198.00000000 0.00000000 -83.74972468 -78.72997583 0.00401506 -79.92706658 4.74782372 -158.00561530
199.00000000 0.00000000 -43.67048390 -41.51964693 0.00330092 -42.50381541 1.95889628 -631.94659630
200.00000000 0.00000000 -81.38644047 -76.39450642 0.00388512 -77.55285530 4.72617270 -811.74143436
201.00000000 0.00000000 -69.93074034 -65.58401989 0.00354656 -66.64142556 4.12562338 -859.26035879
202.00000000 0.00000000 -58.99954949 -55.70105710 0.00316564 -56.64489139 3.11935049 -1348.40144085
203.00000000 0.00000000 -57.07303970 -54.09357458 0.00334355 -55.09045281 2.79178716 -267.80100800
204.00000000 0.00000000 -78.25218766 -73.75659937 0.00365317 -74.84579339 4.25875678 -295.07121389
205.00000000 0.00000000 -58.29373198 -55.30376648 0.00333624 -56.29846537 2.79879852 -162.76182470
206.00000000 0.00000000 -57.48652360 -54.00235305 0.00325271 -54.97214822 3.30100176 -473.10205026
207.00000000 0.00000000 -69.88635300 -65.60136065 0.00393532 -66.77467595 4.01305683 -657.92597873
208.00000000 0.00000000 -58.38859954 -55.25429318 0.00340879 -56.27062498 2.93368992 -153.66788379
209.00000000 0.00000000 -68.91990638 -65.29938126 0.00351250 -66.34663296 3.40593146 -1486.38691762
210.00000000 0.00000000 -46.83144055 -44.22337872 0.00352187 -45.27342434 2.39680615 -184.11497662
211.00000000 0.00000000 -94.36194789 -88.65296250 0.00396641 -89.83554840 5.43834068 -942.91151795
212.00000000 0.00000000 -51.85702979 -48.91580924 0.00310034 -49.84017617 2.77284977 -940.38293691
213.00000000 0.00000000 -77.26725739 -72.84737571 0.00343836 -73.87252348 4.21346586 -613.59969784
214.00000000 0.00000000 -69.00211147 -65.13909487 0.00339314 -66.15075940 3.66666413 -580.46136150
215.00000000 0.00000000 -72.84773363 -68.43300180 0.00330108 -69.41721795 4.22145270 -456.40065953
216.00000000 0.00000000 -52.08223212 -49.03541427 0.00307062 -49.95091933 2.88431145 -178.40124234
217.00000000 0.00000000 -58.66862278 -55.31660952 0.00315589 -56.25753858 3.17286328 -1130.46267672
218.00000000 0.00000000 -72.27598764 -68.28620304 0.00389920 -69.44875051 3.72596041 -431.47768971
219.00000000 0.00000000 -68.61699424 -65.08121420 0.00381018 -66.21722060 3.28177799 -497.44479393
220.00000000 0.00000000 -63.73594340 -60.21538245 0.00346829 -61.24945301 3.30546952 -356.65028795
221.00000000 0.00000000 -94.70936201 -88.95891764 0.00402435 -90.15877687 5.47005633 -837.94542648
222.00000000 0.00000000 -46.05065357 -43.26725011 0.00300423 -44.16296193 2.61879939 -1002.80526394
223.00000000 0.00000000 -71.60922990 -67.79064480 0.00368950 -68.89067066 3.59313979 -301.12740674
224.00000000 0.00000000 -63.93439399 -60.40267303 0.00382127 -61.54198451 3.28174472 -511.01300207
225.00000000 0.00000000 -58.27807423 -54.92302735 0.00302815 -55.82587044 3.20685109 -731.43354312
226.00000000 0.00000000 -85.65578740 -80.73869074 0.00392725 -81.90959885 4.64807496 -101.14691218
227.00000000 0.00000000 -40.76689888 -38.57489810 0.00279283 -39.40758060 2.05564352 -917.45837405
228.00000000 0.00000000 -53.67520919 -50.85923121 0.00307960 -51.77741250 2.64782386 -1216.12726730
229.00000000 0.00000000 -45.44375432 -43.05018416 0.00307547 -43.96713488 2.23389253 -141.63346513
230.00000000 0.00000000 -63.55379286 -59.87992202 0.00329754 -60.86308263 3.47958732 -992.33116484
231.00000000 0.00000000 -96.78824776 -91.04211629 0.00396839 -92.22529316 5.46327009 -364.25085387
232.00000000 0.00000000 -84.46172792 -79.90424717 0.00397252 -81.08865266 4.29647965 -319.77357374
233.00000000 0.00000000 -51.40714139 -48.48186221 0.00315745 -49.42325717 2.74844946 -804.57960481
234.00000000 0.00000000 -83.70334414 -78.70827780 0.00365741 -79.79873454 4.75975068 -1139.73536163
235.00000000 0.00000000 -71.98185853 -67.68666936 0.00336048 -68.68859633 4.09222357 -734.13992937
236.00000000 0.00000000 -83.17679306 -78.74577522 0.00395193 -79.92404427 4.16623831 -208.19504707
237.00000000 0.00000000 0.00000000 0.00000000 0.00000000 0.00000000 0.00000000 0.00000000
238.00000000 0.00000000 -69.63428119 -65.95084941 0.00419596 -67.20187418 3.37184805 -328.24268624
239.00000000 0.00000000 -65.97704959 -62.38261890 0.00338373 -63.39147768 3.38701081 -1181.44862021
240.00000000 0.00000000 -40.23741392 -38.19043429 0.00309434 -39.11301098 1.87341263 -104.85690229
241.00000000 0.00000000 -31.94502612 -30.34783391 0.00293447 -31.22274686 1.45344800 -321.60607026
242.00000000 0.00000000 -33.11272874 -31.21607986 0.00279411 -32.04914425 1.74690543 -1266.01401663
243.00000000 0.00000000 -81.97940060 -77.21109255 0.00418619 -78.45920639 4.46357954 -217.19234502
244.00000000 0.00000000 -87.24595564 -81.94331863 0.00388402 -83.10133813 5.04084371 -718.89699675
245.00000000 0.00000000 -63.97258769 -60.19209272 0.00326086 -61.16431844 3.59383618 -475.34401014
246.00000000 0.00000000 -72.10796523 -67.86798999 0.00328787 -68.84826722 4.04726983 -1033.87330022
247.00000000 0.00000000 -68.54399503 -64.30172742 0.00358026 -65.36918107 4.01615085 -871.15873510
248.00000000 0.00000000 -82.24945513 -77.98175845 0.00435257 -79.27947749 3.94235333 -41.83849559
249.00000000 0.00000000 -81.45678819 -76.87027446 0.00389068 -78.03027927 4.32750644 -865.90126844
250.00000000 0.00000000 -84.82023562 -79.81717793 0.00359836 -80.89002916 4.76957000 -717.65871266
251.00000000 0.00000000 -74.85434557 -70.38320490 0.00322543 -71.34486540 4.29046576 -483.24557628
252.00000000 0.00000000 -81.46280387 -77.17845554 0.00418114 -78.42506392 3.98845705 -464.36102444
253.00000000 0.00000000 0.00000000 0.00000000 0.00000000 0.00000000 0.00000000 0.00000000
254.00000000 0.00000000 -99.43870441 -93.54778053 0.00395763 -94.72774860 5.62064559 -291.68372824
255.00000000 0.00000000 -64.78375663 -61.18940773 0.00346604 -62.22280724 3.38349913 -519.99476920
256.00000000 0.00000000 0.00000000 0.00000000 0.00000000 0.00000000 0.00000000 0.00000000
257.00000000 0.00000000 -72.32258881 -68.09711155 0.00323321 -69.06109374 4.04249028 -886.90140715
258.00000000 0.00000000 -68.45097178 -64.31156656 0.00348119 -65.34948347 3.92628636 -1387.07538829
259.00000000 0.00000000 -65.88023227 -62.49541489 0.00336315 -63.49813885 3.17672658 -539.90865851
260.00000000 0.00000000 -57.73948091 -54.35365103 0.00332512 -55.34503610 3.18360472 -249.57208141
261.00000000 0.00000000 -94.90881228 -89.50000436 0.00443268 -90.82160665 5.07507588 -79.42459011
262.00000000 0.00000000 -71.16936674 -67.33699531 0.00374798 -68.45445490 3.59457572 -122.13229272
263.00000000 0.00000000 -74.40497327 -69.80746964 0.00367022 -70.90174458 4.36427127 -609.93710168
264.00000000 0.00000000 -55.86690962 -52.40673229 0.00335389 -53.40669418 3.25736084 -669.71236054
