0.00000000 0.00000000 -64.33248342 -60.42397027 0.00323073 -61.38721301 3.73250420 -1325.99956159
1.00000000 0.00000000 -37.92639223 -35.87450089 0.00291558 -36.74377977 1.90262822 -307.96898212
2.00000000 0.00000000 -72.73344929 -68.68985624 0.00417146 -69.93357716 3.75246977 -179.43109393
3.00000000 0.00000000 -61.46074737 -57.63881578 0.00335634 -58.63950885 3.62415725 -596.82308415
4.00000000 0.00000000 -63.56432844 -59.93480151 0.00337514 -60.94110078 3.42439261 -737.12052702
5.00000000 0.00000000 -59.58511168 -56.16120669 0.00355860 -57.22220335 3.19888983 0.00000000
6.00000000 0.00000000 -66.18874778 -62.68272074 0.00332882 -63.67520936 3.30833897 -636.89312955
7.00000000 0.00000000 -99.01644989 -93.08404453 0.00423781 -94.34754787 5.63611282 -82.99901571
8.00000000 0.00000000 -70.63951343 -66.13044688 0.00343141 -67.15352120 4.30818487 -1184.13420854
9.00000000 0.00000000 -65.23962457 -61.61336547 0.00353434 -62.66712805 3.40612232 -132.32900608
10.00000000 0.00000000 -41.23894240 -38.90499430 0.00288204 -39.76427481 2.18821135 -339.11792741
11.00000000 0.00000000 -57.70200224 -54.77902502 0.00325232 -55.74870515 2.73614484 -379.86400571
12.00000000 0.00000000 -45.62861341 -43.42444798 0.00328696 -44.40445402 2.01116799 -399.65341221
13.00000000 0.00000000 -50.23040906 -47.67831936 0.00340718 -48.69417132 2.33249583 -791.21280971
14.00000000 0.00000000 -55.76363378 -52.28613504 0.00317412 -53.23249776 3.30006248 -1246.75369730
15.00000000 0.00000000 -52.32703090 -49.39457235 0.00316756 -50.33898091 2.75501385 -151.99932831
16.00000000 0.00000000 -69.09927047 -65.36008892 0.00406503 -66.57207701 3.45858793 -179.86790982
17.00000000 0.00000000 -65.86072413 -62.14359518 0.00348751 -63.18339700 3.50779613 -547.67302730
18.00000000 0.00000000 -83.28049836 -78.70226288 0.00394035 -79.87707876 4.31642336 -302.04947513
19.00000000 0.00000000 -83.02423870 -77.80305603 0.00370105 -78.90652419 4.98434343 -899.41783024
20.00000000 0.00000000 -81.43184245 -76.42585562 0.00367836 -77.52255968 4.76802154 -1049.81391862
21.00000000 0.00000000 -94.32558000 -88.69512834 0.00406643 -89.90753377 5.34361848 -789.73928803
22.00000000 0.00000000 -58.67190828 -55.31900064 0.00315745 -56.26039424 3.17358799 -1127.26592538
23.00000000 0.00000000 -60.22982843 -57.14511180 0.00353226 -58.19825558 2.86557800 -1704.98161421
24.00000000 0.00000000 -63.15662167 -59.92599262 0.00362738 -61.00749728 2.98663997 -797.72696358
25.00000000 0.00000000 -89.70004431 -84.75088352 0.00412270 -85.98006643 4.65356358 -436.10172585
26.00000000 0.00000000 -81.49212498 -76.62842018 0.00356802 -77.69222531 4.64170348 -1301.74589112
27.00000000 0.00000000 -94.43274914 -88.75597161 0.00411677 -89.98338760 5.38547794 -943.94456728
28.00000000 0.00000000 -85.27898085 -80.25817367 0.00373078 -81.37050671 4.77453378 -557.05861713
29.00000000 0.00000000 -69.79254513 -66.16264506 0.00372345 -67.27279123 3.38823856 -1726.23021626
30.00000000 0.00000000 0.00000000 0.00000000 0.00000000 0.00000000 0.00000000 0.00000000
31.00000000 0.00000000 -84.40945025 -79.75086036 0.00398607 -80.93930731 4.38678767 -189.10696657
32.00000000 0.00000000 -58.85328976 -55.79933410 0.00390635 -56.96401345 2.78832267 -407.90800135
33.00000000 0.00000000 -76.13303926 -71.97122486 0.00412771 -73.20190018 3.86798367 -501.73503646
34.00000000 0.00000000 -32.23139387 -30.64355197 0.00300530 -31.53958252 1.42232104 0.00000000
35.00000000 0.00000000 -45.44381602 -43.05031945 0.00307544 -43.96726176 2.23382478 -141.53164124
36.00000000 0.00000000 0.00000000 0.00000000 0.00000000 0.00000000 0.00000000 0.00000000
37.00000000 0.00000000 -46.03111558 -43.27885956 0.00299037 -44.17043892 2.59024276 -960.86434547
38.00000000 0.00000000 -68.94161818 -65.23327754 0.00370481 -66.33786625 3.46772304 -823.99557297
39.00000000 0.00000000 0.00000000 0.00000000 0.00000000 0.00000000 0.00000000 0.00000000
40.00000000 0.00000000 -83.92840025 -79.32522066 0.00405762 -80.53500149 4.32732148 -629.25421789
41.00000000 0.00000000 -96.93156545 -91.09777070 0.00403244 -92.30004289 5.55959151 -337.18272923
42.00000000 0.00000000 -56.66537383 -53.89123063 0.00331277 -54.87893193 2.57518613 -571.06605056
43.00000000 0.00000000 -71.37501229 -67.01321350 0.00363670 -68.09749540 4.13431117 -293.31320141
44.00000000 0.00000000 -83.98317313 -79.43649225 0.00385225 -80.58504086 4.29355134 -117.89317686
45.00000000 0.00000000 -38.62147143 -36.47457551 0.00288066 -37.33344325 2.00360804 -586.77285959
46.00000000 0.00000000 -72.84818579 -68.43329213 0.00330114 -69.41752645 4.22161441 -455.89341821
47.00000000 0.00000000 -69.17544935 -65.34579373 0.00354908 -66.40395238 3.60613902 -513.72143494
48.00000000 0.00000000 -73.08369613 -69.31809496 0.00386232 -70.46964441 3.50787804 -383.80193949
49.00000000 0.00000000 -98.08831325 -92.45197406 0.00438527 -93.75944189 5.30809882 0.00000000
50.00000000 0.00000000 -58.66877016 -55.31583723 0.00315581 -56.25674219 3.17379550 -1124.46987603
51.00000000 0.00000000 -99.15947871 -93.26338263 0.00405341 -94.47190685 5.61801332 -62.82411591
52.00000000 0.00000000 -70.45804895 -66.60394350 0.00365836 -67.69468319 3.62811884 -301.18384287
53.00000000 0.00000000 -53.66350464 -50.81428279 0.00327479 -51.79066170 2.65218324 0.00000000
54.00000000 0.00000000 -99.11095403 -93.13972693 0.00425364 -94.40794933 5.67567029 -17.20164262
55.00000000 0.00000000 -94.70649437 -89.01976038 0.00405858 -90.22982666 5.39788679 -1000.31593691
56.00000000 0.00000000 -58.31794266 -55.21038261 0.00346166 -56.24247531 2.90391810 -130.23227808
57.00000000 0.00000000 -82.03120608 -77.19251019 0.00458469 -78.55943658 4.49470230 -32.55023284
58.00000000 0.00000000 -57.88154487 -54.77584381 0.00388147 -55.93310421 2.84169799 -570.31831699
59.00000000 0.00000000 -38.72707167 -36.49235810 0.00289560 -37.35567977 2.08867178 -725.58513980
60.00000000 0.00000000 -44.89288434 -42.63232982 0.00300336 -43.52778126 2.10788372 -580.96367804
61.00000000 0.00000000 -61.98737209 -58.48703658 0.00346692 -59.52069847 3.28929843 -906.30604097
62.00000000 0.00000000 -39.01394440 -37.08117338 0.00305482 -37.99196937 1.75454509 -572.50623477
63.00000000 0.00000000 -59.44329902 -56.18690554 0.00307967 -57.10511001 3.09867808 -194.92463075
64.00000000 0.00000000 -51.16038970 -48.29754007 0.00331061 -49.28459791 2.66641367 -627.93460000
65.00000000 0.00000000 -46.05219228 -43.26803243 0.00300339 -44.16349242 2.61969101 -1002.66515209
66.00000000 0.00000000 0.00000000 0.00000000 0.00000000 0.00000000 0.00000000 0.00000000
67.00000000 0.00000000 -94.03017208 -88.51889961 0.00408995 -89.73831787 5.21878532 -888.68658779
68.00000000 0.00000000 -98.40317602 -92.63386680 0.00384574 -93.78047483 5.50701825 -643.56542181
69.00000000 0.00000000 -69.00454859 -65.38395765 0.00403087 -66.58576102 3.34495941 -936.38441471
70.00000000 0.00000000 -94.95622354 -89.42449370 0.00411187 -90.65044685 5.23454582 -1439.39727672
71.00000000 0.00000000 -41.56548535 -39.24075156 0.00282163 -40.08202110 2.18797976 -578.82077004
72.00000000 0.00000000 -71.40838943 -67.10515149 0.00345795 -68.13613828 4.09575099 -282.24219365
73.00000000 0.00000000 -99.16142488 -93.20268797 0.00435075 -94.49986443 5.65623597 -70.95913237
74.00000000 0.00000000 -60.93230500 -57.26312513 0.00323889 -58.22880018 3.48393332 -273.35155834
75.00000000 0.00000000 -58.07529712 -54.92093365 0.00350888 -55.96710704 2.93846525 -173.81570634
76.00000000 0.00000000 -87.35923827 -82.01746594 0.00395254 -83.19591713 5.07657987 -633.08390447
77.00000000 0.00000000 -56.25690239 -53.19351017 0.00332971 -54.18626237 2.86569789 -683.67497917
78.00000000 0.00000000 -67.23799078 -63.50821868 0.00469339 -64.90755427 3.40862857 -193.78924444
79.00000000 0.00000000 -44.63940542 -42.31731376 0.00307204 -43.23324206 2.15419951 0.00000000
80.00000000 0.00000000 -57.39784276 -54.40410559 0.00337349 -55.40991049 2.79953975 -252.78513268
81.00000000 0.00000000 -82.62537080 -77.63218520 0.00424274 -78.89715781 4.68910722 -75.88765703
82.00000000 0.00000000 -81.58482922 -76.87806961 0.00487561 -78.33173128 4.34823195 0.00000000
83.00000000 0.00000000 -72.10857520 -67.86847164 0.00328782 -68.84873536 4.04740593 -1032.52692822
84.00000000 0.00000000 -67.28572858 -63.58105980 0.00351423 -64.62882774 3.48112074 -319.12420331
85.00000000 0.00000000 -44.98684541 -42.65091666 0.00296131 -43.53383005 2.18889906 -810.56990485
86.00000000 0.00000000 -94.12711201 -88.64880454 0.00420386 -89.90218688 5.17085078 -639.36737162
87.00000000 0.00000000 -39.14065264 -37.06965591 0.00296079 -37.95241514 1.91024667 -426.71881171
88.00000000 0.00000000 -72.17664043 -68.13648488 0.00342177 -69.15668650 3.82503547 -1320.30426425
89.00000000 0.00000000 -29.20962290 -27.62521940 0.00278277 -28.45490195 1.44754426 -444.75684422
90.00000000 0.00000000 -46.05249401 -43.26786231 0.00300288 -44.16317033 2.62023383 -1003.34867917
91.00000000 0.00000000 -68.47369420 -64.14695299 0.00352966 -65.19932038 4.10696388 -1030.76237572
92.00000000 0.00000000 -46.13995494 -43.88353826 0.00312383 -44.81490753 2.08267478 -1118.78461597
93.00000000 0.00000000 -82.79365925 -78.43203833 0.00370562 -79.53687031 4.12589465 -321.71374202
94.00000000 0.00000000 -68.68991146 -65.07112407 0.00377719 -66.19729413 3.36936874 -684.42166105
95.00000000 0.00000000 -83.17073288 -78.76334585 0.00410946 -79.98858097 4.12222401 -1055.34960831
96.00000000 0.00000000 -44.10000003 -41.67518670 0.00299130 -42.56704210 2.27692379 -386.80132747
97.00000000 0.00000000 -95.20751227 -89.57518056 0.00475893 -90.99405697 5.27092963 0.00000000
98.00000000 0.00000000 -94.20110844 -88.48348154 0.00415888 -89.72345089 5.41831450 -748.15472485
99.00000000 0.00000000 -84.07549189 -79.04565211 0.00386012 -80.19654669 4.76553355 -928.15490818
100.00000000 0.00000000 0.00000000 0.00000000 0.00000000 0.00000000 0.00000000 0.00000000
101.00000000 0.00000000 -32.34383024 -30.79674191 0.00359531 -31.86868435 1.32784239 -1194.88728291
102.00000000 0.00000000 -58.66841011 -55.31661187 0.00315630 -56.25766141 3.17259525 -1130.70704217
103.00000000 0.00000000 -59.45673451 -56.50062170 0.00378573 -57.62933581 2.69690106 -134.98015261
104.00000000 0.00000000 -81.76125386 -76.82032407 0.00397772 -78.00628027 4.66175925 -986.56485852
105.00000000 0.00000000 -97.04537586 -91.32266420 0.00399714 -92.51441155 5.44937870 -439.48261478
106.00000000 0.00000000 -55.38806186 -52.26154838 0.00335429 -53.26162948 2.93224692 -1011.02665338
107.00000000 0.00000000 -70.65539364 -66.65411491 0.00363493 -67.73787020 3.77920788 -1136.64182041
108.00000000 0.00000000 0.00000000 0.00000000 0.00000000 0.00000000 0.00000000 0.00000000
109.00000000 0.00000000 -65.29097990 -61.32219350 0.00303100 -62.22588660 3.81984047 -1349.10440524
110.00000000 0.00000000 -81.43690904 -76.89462147 0.00387751 -78.05070088 4.28920561 -983.41055396
111.00000000 0.00000000 -73.09567565 -68.76501068 0.00342965 -69.78756219 4.11691102 -196.35308150
112.00000000 0.00000000 -70.49213231 -66.72982294 0.00384300 -67.87561349 3.48455335 -138.15402403
113.00000000 0.00000000 -90.82991811 -85.77640176 0.00393735 -86.95032321 4.78171394 -120.33292705
114.00000000 0.00000000 -94.37313747 -88.67237874 0.00410415 -89.89602978 5.41067250 -855.93293630
115.00000000 0.00000000 -63.81747294 -60.03104927 0.00328678 -61.01100133 3.59629620 -482.03480421
116.00000000 0.00000000 0.00000000 0.00000000 0.00000000 0.00000000 0.00000000 0.00000000
117.00000000 0.00000000 -34.22445482 -32.19903004 0.00283159 -33.04326868 1.87472078 0.00000000
118.00000000 0.00000000 -68.81044913 -65.09437798 0.00363829 -66.17913335 3.48395299 -1274.31716294
119.00000000 0.00000000 -37.85584745 -35.98767442 0.00289532 -36.85091329 1.72257130 -406.50736094
120.00000000 0.00000000 -46.94890115 -44.17241470 0.00294477 -45.05039808 2.62476694 -922.31170703
121.00000000 0.00000000 -46.03112044 -43.27862554 0.00299043 -44.17022145 2.59047617 -961.20665993
122.00000000 0.00000000 -96.96567046 -91.30730317 0.00399446 -92.49825209 5.37811566 -843.24914496
123.00000000 0.00000000 -81.40623611 -76.69467341 0.00421308 -77.95080187 4.40123873 -143.28339780
124.00000000 0.00000000 -78.68379487 -74.23271455 0.00376342 -75.35477885 4.20772184 -550.38086341
125.00000000 0.00000000 -58.08487147 -55.29549388 0.00402204 -56.49466597 2.49945349 -79.44654578
126.00000000 0.00000000 -82.02964706 -77.50723903 0.00388394 -78.66523523 4.25816971 -519.27589866
127.00000000 0.00000000 -31.36586693 -29.32185913 0.00300690 -30.21836632 1.87521320 -814.16546785
128.00000000 0.00000000 -45.32714079 -43.14175404 0.00303816 -44.04758248 2.02482994 -1015.24939415
129.00000000 0.00000000 -60.28437566 -56.47234304 0.00293290 -57.34678630 3.66288252 -1270.46426232
130.00000000 0.00000000 -58.67084339 -55.31878817 0.00315620 -56.25980981 3.17286506 -1128.22940139
131.00000000 0.00000000 -51.62542935 -48.98278313 0.00333929 -49.97839230 2.43684030 -467.76776796
132.00000000 0.00000000 -81.84391881 -77.41045819 0.00398556 -78.59875359 4.15607421 -828.88954697
133.00000000 0.00000000 -82.37411221 -77.30258653 0.00383795 -78.44687162 4.81866682 -952.31229405
134.00000000 0.00000000 -53.76711427 -51.04808742 0.00307290 -51.96427244 2.54890188 -1231.01532632
135.00000000 0.00000000 -71.17013177 -67.33832549 0.00374835 -68.45589514 3.59399512 -122.03057243
136.00000000 0.00000000 -51.36039338 -48.60768723 0.00304337 -49.51506668 2.59289974 -330.39381528
137.00000000 0.00000000 -47.44218502 -44.38545420 0.00278610 -45.21612888 2.92894022 -577.79365175
138.00000000 0.00000000 -89.68336689 -84.55475396 0.00439188 -85.86419282 4.81756456 -533.49613087
139.00000000 0.00000000 -63.52132736 -59.86825098 0.00330368 -60.85324466 3.45957272 -760.42043312
140.00000000 0.00000000 -59.15496330 -55.92336922 0.00311356 -56.85167819 3.06995120 -742.22097777
141.00000000 0.00000000 -59.21041458 -56.03314815 0.00383661 -57.17703460 2.91578177 -99.37256518
142.00000000 0.00000000 -66.35866271 -63.23913312 0.00345370 -64.26885303 2.89095359 -149.35166494
143.00000000 0.00000000 -70.87621189 -66.99602829 0.00362964 -68.07820428 3.65408941 -593.60933918
144.00000000 0.00000000 -53.57949956 -50.53036808 0.00315691 -51.47160171 2.87808950 -268.62960108
145.00000000 0.00000000 -71.53520467 -67.52899915 0.00398689 -68.71768931 3.73263867 -353.05993288
146.00000000 0.00000000 -69.53703884 -65.35939930 0.00422538 -66.61919777 3.88134966 0.00000000
147.00000000 0.00000000 -64.78639151 -61.13819859 0.00334454 -62.13537229 3.44805769 -1001.17286028
148.00000000 0.00000000 -82.57506605 -77.79595139 0.00389694 -78.95782312 4.51606875 -275.48395635
149.00000000 0.00000000 0.00000000 0.00000000 0.00000000 0.00000000 0.00000000 0.00000000
150.00000000 0.00000000 -82.59343945 -78.17264448 0.00371756 -79.28103620 4.18603690 -617.49491208
151.00000000 0.00000000 -57.02937120 -53.65930550 0.00350545 -54.70445419 3.15183848 -1062.39193381
152.00000000 0.00000000 -32.92473771 -31.23564397 0.00326379 -32.20874171 1.50089245 -288.30753093
153.00000000 0.00000000 -64.79043384 -61.18285479 0.00343570 -62.20720778 3.40000918 -528.83329307
154.00000000 0.00000000 -97.78434206 -92.03261799 0.00377180 -93.15717868 5.49681303 -432.62850123
155.00000000 0.00000000 -72.10914150 -67.86895296 0.00328766 -68.84917013 4.04751652 -1032.38742470
156.00000000 0.00000000 -71.25875399 -67.12613516 0.00360654 -68.20142459 3.89893549 -1277.44223051
157.00000000 0.00000000 -89.20958606 -84.12247723 0.00389522 -85.28383657 4.82160802 -743.01939697
158.00000000 0.00000000 -60.35663854 -57.26476102 0.00344305 -58.29130575 2.88532806 -1194.07632998
159.00000000 0.00000000 -58.13750558 -54.85957459 0.00302989 -55.76293754 3.13113245 -1299.20154534
160.00000000 0.00000000 0.00000000 0.00000000 0.00000000 0.00000000 0.00000000 0.00000000
161.00000000 0.00000000 -70.26077256 -66.53255400 0.00363459 -67.61620785 3.50136060 -218.77447258
162.00000000 0.00000000 -40.56955855 -38.36299674 0.00280376 -39.19893892 2.07210958 -1063.62694973
163.00000000 0.00000000 -67.80597315 -64.18711810 0.00313525 -65.12189214 3.45109205 -846.22882982
164.00000000 0.00000000 -68.76221582 -64.58752450 0.00353953 -65.64283486 3.95402073 -687.70591459
165.00000000 0.00000000 -70.86599904 -67.09640426 0.00417435 -68.34098718 3.46456737 -955.85534634
166.00000000 0.00000000 -69.80034922 -65.42117517 0.00376830 -66.54469412 4.13649848 -923.03350561
167.00000000 0.00000000 -95.54712388 -89.80448388 0.00400741 -90.99929309 5.46542265 -1057.81329850
168.00000000 0.00000000 -52.08069620 -49.03410462 0.00307138 -49.94983777 2.88401624 -178.41809361
169.00000000 0.00000000 -59.15226988 -55.49771096 0.00354558 -56.55482539 3.42721199 -154.71465795
170.00000000 0.00000000 -82.77565270 -77.85510790 0.00379240 -78.98581330 4.67652450 -579.66690414
171.00000000 0.00000000 -69.66652796 -65.44352105 0.00364434 -66.53008238 3.98999251 -682.30468983
172.00000000 0.00000000 -51.57353295 -48.37546474 0.00295234 -49.25570627 3.05612929 -1233.93804107
173.00000000 0.00000000 -94.55316232 -88.94708516 0.00420198 -90.19990429 5.30080967 -780.22431696
174.00000000 0.00000000 -32.44142227 -30.90254321 0.00313213 -31.83638894 1.37181315 -216.08734017
175.00000000 0.00000000 -66.64900674 -62.93634429 0.00327614 -63.91312605 3.52197155 -310.21600896
176.00000000 0.00000000 -53.33407740 -50.45824279 0.00310594 -51.38427947 2.70610371 -56.93379352
177.00000000 0.00000000 -74.46996853 -69.89890570 0.00347451 -70.93482961 4.36262966 -637.58344770
178.00000000 0.00000000 -72.84832570 -68.43344607 0.00330112 -69.41767561 4.22160131 -455.94798233
179.00000000 0.00000000 -38.01652368 -35.69028819 0.00274397 -36.50840246 2.20549075 -1154.92099686
180.00000000 0.00000000 -51.55578959 -48.39407335 0.00295355 -49.27467576 3.01908817 -1213.25419749
181.00000000 0.00000000 -70.73204346 -67.01708712 0.00362252 -68.09714187 3.49215418 -287.74454088
182.00000000 0.00000000 -95.49877402 -90.05249500 0.00408530 -91.27052700 5.16188035 -173.49704843
183.00000000 0.00000000 -82.83381974 -78.35870404 0.00385099 -79.50687794 4.21806600 -909.93318366
184.00000000 0.00000000 -63.57963744 -60.10896756 0.00358573 -61.17805226 3.24302039 -1355.19900265
185.00000000 0.00000000 -60.28515741 -56.47315086 0.00293267 -57.34752743 3.66288479 -1270.18704022
186.00000000 0.00000000 -70.15664891 -65.66567164 0.00366444 -66.75822438 4.25489682 -32.09950016
187.00000000 0.00000000 -72.20109986 -68.26172759 0.00402344 -69.46131588 3.66353793 -497.47286773
188.00000000 0.00000000 -59.21116987 -56.15274960 0.00378337 -57.28076014 2.80801513 -905.55754430
189.00000000 0.00000000 -38.44340249 -36.23024217 0.00298248 -37.11946990 2.05916452 -409.86141104
190.00000000 0.00000000 -58.07369220 -54.93811895 0.00343077 -55.96100271 2.93605205 -138.24632484
191.00000000 0.00000000 -94.64945623 -88.99906603 0.00413118 -90.23077611 5.35543120 -834.82384913
192.00000000 0.00000000 -72.10564747 -67.86593383 0.00328770 -68.84616253 4.04702403 -1034.44481077
193.00000000 0.00000000 -95.53768508 -89.68378451 0.00443934 -91.00737238 5.53804759 -885.04354514
194.00000000 0.00000000 -31.54041232 -30.09505839 0.00290168 -30.96019577 1.29538677 -320.56302550
195.00000000 0.00000000 -59.62853230 -55.94364654 0.00307385 -56.86011463 3.52022472 -462.15852928
196.00000000 0.00000000 -69.99365767 -66.31533702 0.00363383 -67.39876196 3.45537590 -217.96034605
197.00000000 0.00000000 -70.61455075 -66.74932429 0.00348050 -67.78703459 3.65320132 -401.93196993
198.00000000 0.00000000 -84.15806917 -79.06632486 0.00401795 -80.26427664 4.82532266 -296.19362125
199.00000000 0.00000000 -43.11882764 -40.94301248 0.00332033 -41.93297007 1.97948701 -512.67049326
200.00000000 0.00000000 -81.65893606 -76.82598038 0.00388598 -77.98458450 4.56747774 -1143.56447267
201.00000000 0.00000000 -69.93165406 -65.58477151 0.00354736 -66.64241822 4.12571114 -858.56625713
202.00000000 0.00000000 -58.99826241 -55.69993637 0.00316609 -56.64390605 3.11910539 -1349.67323333
203.00000000 0.00000000 -57.07285045 -54.09343703 0.00334386 -55.09040924 2.79169863 -267.30147381
204.00000000 0.00000000 -78.25483830 -73.75943343 0.00365246 -74.84841430 4.25865160 -294.37349729
205.00000000 0.00000000 -58.28043715 -55.18927526 0.00323111 -56.15263160 2.91195254 -113.44881947
206.00000000 0.00000000 -57.49939645 -54.01057073 0.00325227 -54.98023495 3.30578046 -467.76581634
207.00000000 0.00000000 -69.88718186 -65.60179729 0.00393442 -66.77484586 4.01353508 -656.70207942
208.00000000 0.00000000 -58.38953142 -55.25497577 0.00340915 -56.27141506 2.93389819 -153.61118576
209.00000000 0.00000000 -68.92122382 -65.30058247 0.00351225 -66.34776014 3.40608004 -1487.41249534
210.00000000 0.00000000 -46.83147411 -44.22360067 0.00352074 -45.27330895 2.39667843 -184.29214282
211.00000000 0.00000000 -94.36250983 -88.65377227 0.00396630 -89.83632448 5.43813424 -941.10149210
212.00000000 0.00000000 -51.36050026 -48.60788097 0.00304369 -49.51535663 2.59276390 -330.81644413
213.00000000 0.00000000 -77.26715610 -72.84719807 0.00343840 -73.87235673 4.21353840 -613.58686057
214.00000000 0.00000000 -69.00174774 -65.13888645 0.00339303 -66.15051836 3.66650895 -580.66763366
215.00000000 0.00000000 -72.84412726 -68.42982144 0.00330153 -69.41417208 4.22096023 -456.48125620
216.00000000 0.00000000 -52.08075538 -49.03404302 0.00307143 -49.94979098 2.88414231 -178.39846101
217.00000000 0.00000000 -58.66778284 -55.31610489 0.00315654 -56.25722809 3.17244175 -1129.24847815
218.00000000 0.00000000 -72.26188860 -68.29560970 0.00373707 -69.40981692 3.72260377 -421.82244301
219.00000000 0.00000000 -68.60759515 -65.08030510 0.00381954 -66.21910173 3.27215060 -490.54117109
220.00000000 0.00000000 -63.73602813 -60.21523622 0.00346605 -61.24864035 3.30583767 -354.02446016
221.00000000 0.00000000 -94.71000314 -88.95975331 0.00402446 -90.15964539 5.46985740 -838.47941682
222.00000000 0.00000000 -46.05284363 -43.26845366 0.00300368 -44.16399951 2.61988680 -1003.18373560
223.00000000 0.00000000 -71.39597181 -67.62746873 0.00369456 -68.72900162 3.53930647 -135.55963563
224.00000000 0.00000000 -63.93319402 -60.40218088 0.00382209 -61.54173688 3.28093827 -510.52420436
225.00000000 0.00000000 -54.96559865 -51.62520878 0.00321270 -52.58307451 3.15888461 0.00000000
226.00000000 0.00000000 -85.65744245 -80.74031496 0.00392593 -81.91083039 4.64788707 -106.06852680
227.00000000 0.00000000 -40.76728100 -38.57516384 0.00279282 -39.40784412 2.05576098 -916.83228515
228.00000000 0.00000000 -53.67822663 -50.86137413 0.00307921 -51.77944175 2.64875187 -1215.34723163
229.00000000 0.00000000 -45.44252122 -43.04911133 0.00307546 -43.96605859 2.23373482 -141.61808074
230.00000000 0.00000000 -63.54351142 -59.86946266 0.00330082 -60.85360133 3.47930520 -997.07041764
231.00000000 0.00000000 -96.78776534 -91.04129373 0.00396862 -92.22453883 5.46358531 -364.56075722
232.00000000 0.00000000 -84.46037384 -79.90304970 0.00397479 -81.08813314 4.29621314 -319.92984250
233.00000000 0.00000000 -51.40950246 -48.48389749 0.00315760 -49.42533514 2.74878223 -803.55791533
234.00000000 0.00000000 -83.70464576 -78.70914242 0.00365879 -79.80001144 4.76019008 -1138.85635032
235.00000000 0.00000000 -71.93466842 -67.63773829 0.00337983 -68.64543451 4.09339009 -726.52640870
236.00000000 0.00000000 -83.17613236 -78.74493199 0.00395223 -79.92328938 4.16638306 -207.62754096
237.00000000 0.00000000 0.00000000 0.00000000 0.00000000 0.00000000 0.00000000 0.00000000
238.00000000 0.00000000 -69.63353922 -65.94993189 0.00419627 -67.20104854 3.37199648 -328.22834021
239.00000000 0.00000000 -65.94867671 -62.36740138 0.00338554 -63.37680104 3.37343590 -1212.35882626
240.00000000 0.00000000 -40.19357899 -38.11088527 0.00325324 -39.08083947 1.88879315 0.00000000
241.00000000 0.00000000 -31.94559164 -30.34831744 0.00293442 -31.22321544 1.45353887 -321.49245757
242.00000000 0.00000000 -32.99235863 -31.12501210 0.00279098 -31.95714219 1.71905449 -766.31164573
243.00000000 0.00000000 -81.97951174 -77.21104460 0.00419298 -78.46118030 4.46331172 -219.48203141
244.00000000 0.00000000 -87.24560668 -81.94291643 0.00388520 -83.10128990 5.04082026 -718.80502210
245.00000000 0.00000000 -64.41730740 -60.68900123 0.00334378 -61.68594905 3.52752044 -194.02894821
246.00000000 0.00000000 -72.10648883 -67.86694592 0.00328801 -68.84726488 4.04680896 -1034.69215121
247.00000000 0.00000000 -68.54738904 -64.30589206 0.00359145 -65.37668284 4.01424094 -879.42345816
248.00000000 0.00000000 -82.24945997 -77.98172812 0.00435243 -79.27940375 3.94238805 -41.67272145
249.00000000 0.00000000 -81.45548891 -76.86942095 0.00389138 -78.02963631 4.32702438 -865.84772989
250.00000000 0.00000000 -84.82039854 -79.81737186 0.00359852 -80.89027200 4.76952862 -717.71779808
251.00000000 0.00000000 -71.98814930 -68.06373760 0.00353936 -69.11899797 3.69755453 -259.13670629
252.00000000 0.00000000 -81.52596932 -77.24059381 0.00426558 -78.51237656 3.97435234 -717.42278359
253.00000000 0.00000000 -60.28552648 -56.47340472 0.00293285 -57.34783392 3.66297576 -1270.29876994
254.00000000 0.00000000 -99.43740266 -93.54676320 0.00395790 -94.72681073 5.62032755 -291.83373462
255.00000000 0.00000000 -64.78418697 -61.18389370 0.00345262 -62.21329313 3.39132169 -521.05902525
256.00000000 0.00000000 -74.24906229 -69.66230863 0.00360024 -70.73572024 4.36007837 -698.60463129
257.00000000 0.00000000 -72.32249912 -68.09716783 0.00323329 -69.06117288 4.04233294 -886.74182380
258.00000000 0.00000000 -68.44683561 -64.30787896 0.00348111 -65.34577099 3.92582869 -1390.79640952
259.00000000 0.00000000 -65.45740576 -61.85542694 0.00347414 -62.89124219 3.37949813 -68.66807521
260.00000000 0.00000000 -57.43925188 -53.95432716 0.00325812 -54.92573582 3.29829610 -520.64372903
261.00000000 0.00000000 -95.07139050 -89.59654877 0.00457958 -90.96195089 5.12839583 -1029.66531689
262.00000000 0.00000000 -71.16855595 -67.33649269 0.00374859 -68.45413547 3.59424902 -122.06728942
263.00000000 0.00000000 -74.40544396 -69.80739433 0.00367081 -70.90184710 4.36478959 -609.45403996
264.00000000 0.00000000 -55.86750929 -52.43084717 0.00325904 -53.40253101 3.24912747 -674.15602595
